1,16,0,64,0,7,17,54,51,19,34
2,27,10,56,65,73,9,15,7,69,33
3,75,13,65,51,72,51,30,11,65,16
4,26,72,62,44,17,28,56,39,16,27
5,8,56,15,21,8,40,10,67,12,44
6,21,14,26,61,25,68,27,13,51,12
7,38,20,75,8,1,71,11,2,57,40
8,5,32,54,7,5,10,42,45,56,23
9,30,41,21,55,46,2,59,56,20,20
10,49,2,20,48,44,8,5,20,30,66
11,70,60,53,32,54,72,7,3,47,30
12,53,47,32,45,48,37,46,19,5,6
13,25,3,48,37,50,29,23,6,23,50
14,60,6,51,19,51,24,68,23,0,64
15,73,34,5,41,18,26,2,75,45,17
16,1,17,55,17,29,32,17,48,4,3
17,42,16,42,16,4,1,16,47,59,15
18,68,50,73,25,15,48,66,33,32,75
19,44,24,45,14,69,25,72,12,1,52
20,45,7,10,62,67,56,38,10,9,9
21,6,42,9,5,65,54,75,25,66,31
22,40,70,57,72,27,66,63,72,27,72
23,59,45,40,53,45,38,13,14,13,8
24,34,19,60,26,75,14,33,70,60,70
25,13,73,35,18,6,19,60,21,28,61
26,4,27,6,24,57,15,61,37,67,46
27,2,26,68,69,22,69,6,74,22,4
28,31,43,61,67,43,4,53,36,25,45
29,67,69,43,57,16,13,43,64,43,67
30,9,31,31,31,55,61,3,62,10,11
31,28,30,30,30,40,42,58,40,38,21
32,72,8,12,11,39,16,34,73,18,71
33,61,58,69,64,60,35,24,18,68,2
34,24,15,52,39,38,57,32,57,53,1
35,66,44,25,42,58,33,39,50,46,39
36,62,38,41,68,52,45,67,28,74,55
37,48,63,47,13,41,12,62,26,40,57
38,7,36,74,59,34,23,20,60,31,49
39,41,64,46,34,32,47,35,4,72,35
40,22,55,23,58,31,5,64,31,37,7
41,39,9,36,15,37,75,70,68,48,47
42,17,21,17,35,53,31,8,0,73,73
43,63,28,29,63,28,63,29,63,29,63
44,19,35,59,4,10,73,50,52,55,5
45,20,23,19,12,23,36,71,8,15,28
46,52,62,39,70,9,65,12,55,35,26
47,56,12,37,73,63,39,57,17,11,41
48,37,65,13,10,12,18,69,16,41,56
49,10,53,67,50,59,67,73,59,58,38
50,55,18,66,49,13,59,44,35,52,13
51,0,66,14,3,14,3,55,1,6,53
52,46,61,34,66,36,60,74,44,50,19
53,12,49,11,23,42,0,28,61,34,51
54,65,57,8,71,11,21,1,58,61,69
55,50,40,16,9,30,58,51,46,44,36
56,47,5,2,74,68,20,4,9,8,48
57,74,54,22,29,26,34,47,34,7,37
58,71,33,71,40,35,55,31,54,49,68
59,23,68,44,38,49,50,9,49,17,74
60,14,11,24,75,33,52,25,38,24,0
61,33,52,28,6,66,30,26,53,54,25
62,36,46,4,20,0,74,37,30,71,65
63,43,37,70,43,47,43,22,43,64,43
64,69,39,1,33,71,70,40,29,63,14
65,54,48,3,2,21,46,0,69,3,62
66,35,51,50,52,61,22,18,71,21,10
67,29,74,49,28,20,49,36,5,26,29
68,18,59,27,36,56,6,14,41,33,58
69,64,29,33,27,19,27,48,65,2,54
70,11,22,63,46,74,64,41,24,75,24
71,58,75,58,54,64,7,45,66,62,32
72,32,4,0,22,3,11,19,22,39,22
73,15,25,18,47,2,44,49,32,42,42
74,57,67,38,56,70,62,52,27,36,59
75,3,71,7,60,24,41,21,15,70,18
