1,27,46,59,47,5,42,6,47,0,33
2,43,62,69,54,4,4,32,5,58,39
3,20,10,28,45,21,66,17,72,74,40
4,47,0,39,23,2,2,47,60,19,53
5,49,34,42,36,1,36,71,2,12,17
6,10,66,19,69,43,49,1,38,33,20
7,56,41,20,9,26,17,31,21,62,12
8,45,54,49,16,20,35,61,56,50,60
9,12,59,64,7,45,46,46,43,48,10
10,6,3,33,25,69,20,40,51,42,9
11,25,37,51,14,17,73,42,31,28,67
12,9,36,73,26,30,16,57,54,5,7
13,50,16,60,56,25,14,67,33,70,68
14,69,44,58,11,47,13,18,61,39,47
15,38,57,50,29,62,34,24,74,23,18
16,31,13,45,8,70,12,19,57,46,75
17,21,72,37,42,11,7,3,42,31,5
18,66,29,36,50,42,63,14,41,29,15
19,26,32,6,72,22,50,16,0,4,71
20,3,50,7,37,8,10,36,46,41,6
21,17,71,47,71,3,60,34,7,35,66
22,37,63,72,66,19,54,56,66,68,61
23,24,49,31,4,52,43,26,25,15,43
24,23,40,63,31,36,39,15,67,45,73
25,11,33,66,10,13,33,54,23,51,0
26,19,45,43,12,7,62,23,48,49,49
27,1,30,40,53,53,29,63,45,34,34
28,62,52,3,68,73,59,48,49,11,59
29,74,18,61,15,46,27,35,32,18,56
30,68,27,55,48,12,74,52,34,53,70
31,16,53,23,24,67,67,7,11,17,50
32,57,19,46,67,65,44,2,29,64,64
33,46,25,10,51,38,25,64,13,6,1
34,51,5,35,64,0,15,21,30,27,27
35,71,55,34,43,58,8,29,62,21,52
36,52,12,18,5,24,5,20,59,67,51
37,22,11,17,20,39,58,49,63,75,38
38,15,61,57,55,33,55,53,6,54,37
39,48,75,4,61,37,24,62,69,14,2
40,65,24,27,52,51,56,10,73,73,3
41,42,7,71,75,49,72,70,18,20,72
42,41,68,5,17,18,1,11,17,10,44
43,2,47,26,35,6,23,75,9,56,23
44,54,14,70,62,57,32,0,53,63,42
45,8,26,16,3,9,53,73,27,24,62
46,33,1,32,58,29,9,9,20,16,58
47,4,43,21,1,14,51,4,1,71,14
48,39,73,62,30,63,61,28,26,9,65
49,5,23,8,74,41,6,37,28,26,26
50,13,20,15,18,59,19,60,52,8,31
51,34,69,11,33,40,47,58,10,25,36
52,36,28,74,40,23,69,30,50,55,35
53,63,31,65,27,27,45,38,44,30,4
54,44,8,67,2,68,22,25,12,38,63
55,60,35,30,38,66,38,69,58,52,74
56,7,58,0,13,60,40,22,8,43,29
57,32,15,38,63,44,75,12,16,72,69
58,59,56,14,46,35,37,51,55,2,46
59,58,9,1,73,50,28,66,36,65,28
60,55,67,13,70,56,21,50,4,61,8
61,64,38,29,39,75,48,8,14,60,22
62,28,2,48,44,15,26,39,35,7,45
63,53,22,24,57,48,18,27,37,44,54
64,61,65,9,34,72,68,33,75,32,32
65,40,64,53,0,32,70,74,68,59,48
66,18,6,25,22,55,3,59,22,69,21
67,72,60,54,32,31,31,13,24,36,11
68,30,42,75,28,54,64,72,65,22,13
69,14,51,2,6,10,52,55,39,66,57
70,0,74,44,60,16,65,41,71,13,30
71,35,21,41,21,74,0,5,70,47,19
72,67,17,22,19,64,41,68,3,57,41
73,75,48,12,59,28,11,45,40,40,24
74,29,70,52,49,71,30,65,15,3,55
75,73,39,68,41,61,57,43,64,37,16
