1,12,63,54,27,11,31,22,63,52,53
2,14,66,51,10,64,65,24,52,61,51
3,21,37,13,35,57,30,28,62,64,26
4,27,53,37,62,8,12,9,37,60,62
5,31,22,22,31,22,6,6,44,56,35
6,72,30,7,30,35,5,5,31,8,21
7,23,65,6,69,67,21,72,36,66,23
8,35,73,21,23,4,24,67,70,6,75
9,17,40,75,40,47,58,4,55,58,29
10,64,12,59,2,26,42,18,68,43,74
11,67,25,67,28,1,41,31,72,34,63
12,1,10,29,47,39,4,37,71,39,70
13,25,41,3,67,31,73,70,38,72,27
14,2,28,46,43,20,44,17,39,16,20
15,71,68,0,57,21,52,43,34,65,43
16,41,35,52,0,33,59,65,49,14,17
17,9,32,41,75,40,34,14,23,44,16
18,24,75,25,22,36,0,10,51,22,25
19,39,64,74,41,72,70,54,75,63,28
20,22,54,70,70,14,69,21,41,40,14
21,3,58,8,72,15,7,20,26,0,6
22,20,5,5,18,5,75,1,59,18,73
23,7,39,24,8,63,40,73,17,38,7
24,18,44,23,55,44,8,2,33,29,30
25,13,11,18,26,28,60,71,66,74,18
26,28,27,62,25,10,57,38,21,75,3
27,4,26,57,1,61,51,40,46,36,13
28,26,14,68,11,25,46,3,45,30,19
29,68,48,12,34,48,35,74,53,24,9
30,34,6,53,6,46,3,45,32,28,24
31,5,67,32,5,13,1,11,6,42,49
32,74,17,31,60,74,45,35,30,35,44
33,47,36,63,54,16,56,55,24,51,56
34,30,38,55,29,65,17,48,15,11,45
35,8,16,50,3,6,29,32,54,32,5
36,45,33,42,71,18,67,39,7,27,48
37,42,3,4,56,41,66,12,4,55,41
38,69,34,49,49,42,50,26,13,23,58
39,19,23,73,50,12,48,36,14,12,47
40,75,9,56,9,17,23,27,0,20,57
41,16,13,17,19,37,11,0,20,70,37
42,37,57,36,64,38,10,49,57,31,66
43,53,46,65,14,70,62,15,67,10,15
44,65,24,72,68,24,14,75,5,17,32
45,36,49,60,74,73,32,30,28,68,34
46,48,43,14,48,30,28,47,27,67,64
47,33,69,69,12,9,53,46,74,69,39
48,46,29,61,46,29,39,34,65,53,36
49,50,45,38,38,0,64,42,16,50,31
50,49,74,35,39,66,38,63,56,49,54
51,54,52,2,59,59,27,52,18,33,2
52,63,51,16,66,55,15,51,2,1,61
53,43,4,30,65,58,47,62,29,48,1
54,51,20,1,33,69,71,19,35,57,50
55,70,60,34,24,52,61,33,9,37,0
56,59,71,40,37,68,33,58,50,5,33
57,60,42,27,15,3,26,66,42,54,40
58,73,21,64,61,53,9,56,60,9,38
59,56,0,10,51,51,16,60,22,73,65
60,57,55,45,32,62,25,59,58,4,68
61,0,72,48,58,27,55,68,73,2,52
62,66,70,26,4,60,43,53,3,71,4
63,52,1,33,73,23,72,50,1,19,11
64,10,19,58,42,2,49,69,69,3,46
65,44,7,43,53,34,2,16,48,15,59
66,62,2,71,52,50,37,57,25,7,42
67,11,31,11,13,7,36,8,43,46,69
68,29,15,28,44,56,74,61,10,45,60
69,38,47,47,7,54,20,64,64,47,67
70,55,62,20,20,43,19,13,8,41,12
71,15,56,66,36,75,54,25,12,62,72
72,6,61,44,21,19,63,7,11,13,71
73,58,8,39,63,45,13,23,61,59,22
74,32,50,19,45,32,68,29,47,25,10
75,40,18,9,17,71,22,44,19,26,8
