1,56,68,71,61,75,5,63,21,8,6,57,16,49,39,27,65,35,37,16,35,57,71,62,7,2
2,13,26,63,66,56,26,64,28,64,44,66,55,59,56,64,44,0,74,56,30,66,44,70,55,1
3,15,5,5,21,39,63,49,18,6,12,45,65,37,55,67,56,44,25,66,59,63,62,75,42,72
4,7,69,31,39,6,27,23,35,28,60,62,26,11,8,15,36,7,36,45,67,40,38,37,44,36
5,29,3,3,57,44,1,6,45,43,9,9,42,13,9,12,9,9,14,64,45,11,9,55,74,73
6,75,0,41,65,4,52,5,65,3,1,11,15,44,70,28,68,29,40,7,75,58,40,26,72,26
7,4,19,33,54,19,60,13,57,53,57,70,28,75,59,74,63,4,0,6,40,69,10,59,1,14
8,19,11,21,35,28,45,57,58,1,28,32,29,34,4,26,21,59,71,60,19,75,42,30,32,64
9,44,61,23,29,33,61,54,69,15,5,5,63,26,5,73,5,5,61,0,42,38,5,60,59,18
10,41,58,48,75,46,36,74,74,17,26,36,64,74,23,13,46,18,17,74,61,32,7,49,21,63
11,59,8,42,42,21,0,37,14,34,56,6,33,4,29,71,75,42,58,58,46,5,63,17,47,34
12,28,38,61,20,26,38,60,33,14,3,60,62,61,61,5,23,32,19,30,64,19,19,41,70,68
13,2,34,62,55,17,39,7,59,52,33,38,22,5,41,10,55,54,18,55,20,31,24,73,46,23
14,35,18,19,53,50,49,32,11,12,66,29,52,46,46,32,25,72,5,20,55,51,75,71,65,7
15,3,30,24,43,68,22,46,67,9,68,28,6,60,65,4,31,69,51,63,39,52,45,20,60,51
16,42,54,18,73,58,29,55,44,27,20,42,1,65,48,46,54,65,47,1,32,18,46,54,26,50
17,32,33,49,41,13,35,30,49,10,25,39,32,25,30,38,61,70,10,41,63,62,30,11,53,32
18,61,14,16,50,38,64,72,3,74,62,35,75,62,38,53,39,10,13,62,31,16,73,63,37,9
19,8,7,14,28,7,28,53,64,62,73,24,70,51,24,56,73,63,12,49,8,12,12,65,40,28
20,65,52,36,12,30,62,73,68,54,16,23,74,35,35,65,50,74,41,14,13,68,54,15,52,31
21,53,40,8,3,11,31,31,1,25,35,75,25,69,54,43,8,24,38,22,41,42,36,29,10,69
22,60,66,29,23,72,15,45,32,29,32,46,13,50,27,0,27,41,75,21,23,56,26,39,27,37
23,72,27,9,22,63,24,4,47,63,31,20,43,56,10,75,12,66,39,39,22,73,59,44,25,13
24,39,63,15,32,40,23,33,61,39,47,19,41,41,19,37,47,21,48,57,27,33,13,28,64,39
25,37,62,59,71,43,46,36,29,21,17,41,21,17,40,36,14,62,3,50,54,61,28,47,23,38
26,66,2,66,34,12,2,67,27,66,10,69,4,9,33,8,59,36,32,43,71,55,22,6,16,6
27,74,23,53,48,66,4,65,26,16,42,52,36,28,22,1,22,71,62,61,24,43,53,53,22,53
28,12,70,58,19,8,19,47,2,4,8,15,7,27,43,6,69,49,65,51,51,45,25,24,56,19
29,5,48,22,9,60,16,39,25,22,63,14,8,33,11,40,34,6,54,72,49,37,51,21,67,61
30,51,15,64,47,20,54,17,39,45,54,68,68,0,17,54,66,43,64,12,2,49,17,8,35,66
31,40,60,4,44,59,21,21,42,37,23,56,40,66,66,59,15,48,43,44,18,13,48,56,38,20
32,17,65,57,24,51,51,14,22,70,22,8,17,42,63,14,64,12,26,34,16,10,47,67,8,17
33,70,17,7,40,9,55,24,12,71,13,40,11,29,26,57,70,56,55,65,34,24,52,40,54,65
34,38,13,38,26,35,66,52,73,11,38,37,59,8,68,44,29,40,53,32,33,35,68,36,36,11
35,14,50,74,8,34,17,66,4,42,21,18,69,20,20,55,71,1,63,52,1,34,55,0,30,44
36,55,42,20,37,41,10,25,60,61,0,10,27,39,51,25,4,26,4,53,65,54,21,34,34,4
37,25,72,65,36,55,43,11,72,31,74,34,44,3,60,24,72,75,1,40,57,29,56,4,18,22
38,34,12,34,59,18,12,58,46,0,34,13,47,72,18,17,58,57,21,46,73,9,4,42,31,25
39,24,73,40,4,3,13,29,30,24,69,17,46,36,1,68,18,58,23,23,15,50,60,22,68,24
40,31,21,39,33,24,68,62,62,67,67,33,31,47,25,29,74,34,6,37,7,4,6,33,19,43
41,10,43,6,17,36,48,61,71,75,45,25,24,24,13,52,43,22,20,17,21,48,49,12,69,47
42,16,36,11,11,52,57,68,31,35,27,16,5,32,50,62,0,11,45,73,9,21,8,38,3,52
43,63,41,68,15,25,37,51,75,5,51,71,23,67,28,21,41,30,31,26,0,27,66,74,63,40
44,9,57,72,31,5,69,75,16,55,2,59,37,6,64,34,2,3,67,31,48,53,2,23,4,35
45,71,56,67,64,0,8,22,5,30,41,3,67,70,49,63,62,68,42,4,5,28,15,46,51,60
46,54,55,75,70,10,25,15,38,51,70,22,39,14,14,16,10,55,49,38,11,67,16,45,13,55
47,69,53,51,30,54,56,28,23,65,24,72,38,40,52,60,24,73,16,67,66,65,32,25,11,41
48,62,29,10,27,64,41,0,54,68,71,67,53,68,16,50,60,31,24,54,44,41,31,72,61,57
49,50,75,17,51,65,14,3,17,73,64,64,50,1,45,51,52,28,46,19,29,30,41,10,57,70
50,49,35,55,18,14,65,56,56,72,65,73,49,22,42,48,20,67,66,25,70,39,74,68,62,16
51,30,64,47,49,32,32,43,63,46,43,0,73,19,36,49,53,61,15,28,28,14,29,64,45,15
52,64,20,54,56,42,6,34,70,13,55,27,14,54,47,41,49,53,73,35,56,15,33,61,20,42
53,21,47,27,14,61,71,19,66,7,59,63,48,71,62,18,51,52,34,36,60,44,27,27,17,27
54,46,16,52,7,47,30,9,48,20,30,58,60,52,21,30,16,13,29,48,25,36,20,16,33,67
55,36,46,50,13,37,33,16,0,44,52,61,2,73,3,35,13,46,33,13,14,26,35,5,2,46
56,1,45,69,52,2,47,50,50,69,11,31,71,23,2,19,3,33,60,2,52,22,37,31,28,0
57,68,44,32,5,62,42,8,7,58,7,1,61,64,69,33,67,38,68,24,37,1,69,58,49,48
58,73,10,28,62,16,72,38,8,57,75,54,0,63,75,61,38,39,11,11,69,6,70,57,71,75
59,11,71,25,38,31,70,69,13,60,53,44,34,2,7,31,26,8,72,69,3,60,23,7,9,71
60,22,31,73,63,29,7,12,36,59,4,12,54,15,37,47,48,64,56,8,53,59,39,9,15,45
61,18,9,12,1,53,9,41,24,36,72,55,57,12,12,58,17,51,9,27,10,25,64,52,48,29
62,48,25,13,58,57,20,40,40,19,18,4,12,18,53,42,45,25,27,18,72,17,3,1,50,74
63,43,24,2,60,23,3,1,51,23,29,53,9,58,32,45,7,19,35,15,17,3,11,18,43,10
64,52,51,30,45,48,18,2,19,2,49,49,10,57,44,2,32,60,30,5,12,74,61,51,24,8
65,20,32,37,6,49,50,27,6,47,50,74,3,16,15,20,1,16,28,33,36,47,0,19,14,33
66,26,22,26,2,27,34,35,53,26,14,2,72,31,31,70,30,23,50,3,47,2,43,69,73,30
67,0,74,45,72,71,74,26,15,40,40,48,45,43,74,3,57,50,44,47,4,46,72,32,29,54
68,57,1,43,0,15,40,42,20,48,15,30,30,48,34,39,6,45,57,70,74,20,34,50,39,12
69,47,4,56,74,70,44,59,9,56,39,26,35,21,57,72,28,15,70,59,58,7,57,66,41,21
70,33,28,0,46,69,59,71,52,32,46,7,19,45,6,66,33,17,69,68,50,0,58,2,12,49
71,45,59,1,25,67,53,70,41,33,48,43,56,53,72,11,35,27,8,75,26,72,1,14,58,59
72,23,37,44,67,22,58,18,37,50,61,47,66,38,71,69,37,14,59,29,62,71,67,48,6,3
73,58,39,60,16,74,75,20,34,49,19,50,51,55,0,9,19,47,52,42,38,23,18,13,66,5
74,27,67,35,69,73,67,10,10,18,37,65,20,10,67,7,40,20,2,10,68,64,50,43,5,62
75,6,49,46,10,1,73,44,43,41,58,21,18,7,58,23,11,37,22,71,6,8,14,3,0,58
