1,48,59,5,71,39,68,5,9,23,15,27,64,65,28,49,45,65,59,57,28,47,25,37,25,52
2,42,3,35,50,45,51,55,3,55,5,21,5,3,20,50,24,70,56,37,23,15,48,40,20,35
3,62,2,12,27,46,4,44,2,66,34,25,69,2,72,0,74,5,63,67,10,48,53,70,66,25
4,33,72,71,61,6,3,0,75,50,51,44,8,20,30,56,73,72,39,56,27,34,22,67,62,69
5,46,45,1,48,49,59,1,54,34,2,36,2,26,33,73,37,3,33,10,12,46,43,25,40,12
6,66,56,38,28,4,45,35,43,60,69,19,53,13,32,18,23,46,73,52,19,57,29,60,68,10
7,28,65,68,19,57,74,68,72,44,13,13,61,52,65,71,42,17,54,9,18,73,71,10,61,64
8,58,60,26,25,32,63,39,23,17,12,38,4,9,39,9,20,48,68,34,65,18,28,39,16,62
9,10,57,31,58,23,32,37,1,45,67,66,16,8,16,8,54,73,67,7,71,53,38,57,37,19
10,9,69,75,21,24,49,59,15,35,11,37,58,18,31,63,14,71,47,5,3,65,11,7,63,6
11,55,17,51,12,54,31,33,44,69,10,67,65,69,29,40,63,56,51,13,50,43,10,64,72,60
12,67,55,3,11,43,46,24,55,13,8,72,26,74,14,39,72,40,58,55,5,72,18,22,36,5
13,21,61,47,17,59,52,46,53,12,7,7,17,6,24,31,56,25,18,11,68,54,66,59,51,54
14,43,51,27,59,33,41,23,26,47,53,50,23,36,12,51,10,26,26,73,36,41,50,51,33,28
15,49,54,33,60,38,50,38,10,75,1,29,18,21,42,16,55,24,75,38,37,2,52,61,27,42
16,51,52,62,66,47,64,75,25,53,25,48,9,24,9,15,21,67,48,47,72,70,61,19,8,18
17,27,11,21,13,60,23,72,71,8,26,62,13,40,58,44,41,7,72,28,70,44,60,31,19,61
18,22,46,25,47,22,53,20,24,49,54,54,15,10,68,6,22,36,13,23,7,8,12,71,35,16
19,50,28,70,7,52,33,66,22,61,56,6,37,47,44,42,67,42,38,50,6,74,23,16,17,9
20,37,68,22,24,56,55,18,59,36,37,30,67,4,2,36,8,58,60,29,38,66,67,62,2,30
21,13,25,17,10,65,58,22,60,33,49,2,63,15,73,45,16,33,64,46,48,39,59,38,64,23
22,18,38,20,75,18,61,21,19,31,60,43,31,61,60,74,18,27,35,75,29,61,4,12,26,57
23,72,44,42,49,9,17,14,8,1,42,34,14,73,48,65,6,0,46,18,2,52,19,66,42,21
24,38,73,37,20,10,71,12,18,32,52,64,52,16,13,28,2,15,74,44,59,31,46,53,31,49
25,40,21,18,8,55,40,57,16,46,16,3,50,37,75,58,51,13,43,35,30,51,1,5,1,3
26,59,30,8,56,66,56,64,14,43,17,59,12,5,40,32,50,14,14,39,35,67,33,68,22,65
27,17,50,14,3,75,54,62,45,58,28,1,41,55,69,62,29,22,62,49,4,37,64,36,15,37
28,7,19,0,6,30,57,45,67,67,27,42,62,53,1,24,52,61,34,17,1,33,8,72,41,14
29,63,36,39,42,68,65,41,62,74,30,15,48,35,11,55,27,45,0,20,22,35,6,75,75,48
30,47,26,63,53,28,47,42,64,48,29,20,75,71,4,61,33,55,31,63,25,60,72,74,53,20
31,74,39,9,33,72,11,60,35,22,73,73,22,44,10,13,62,38,30,53,0,24,70,17,24,58
32,34,71,49,55,8,9,58,40,24,40,75,38,63,6,26,40,47,49,69,58,49,69,54,0,46
33,4,37,15,31,14,19,11,61,21,38,41,49,66,5,47,30,21,5,62,46,28,26,56,14,56
34,32,40,65,67,37,67,71,42,5,3,23,71,51,62,72,60,74,28,8,42,4,37,48,56,44
35,71,63,2,74,50,66,6,31,10,65,69,74,29,53,57,66,39,22,25,26,29,55,44,18,2
36,65,29,61,51,70,0,40,39,20,72,5,0,14,71,20,68,18,53,66,14,58,49,27,12,73
37,20,33,24,44,34,44,9,56,38,20,10,19,25,46,53,5,60,71,2,15,27,34,1,9,27
38,24,22,6,65,15,73,15,68,37,33,8,32,48,63,52,48,31,19,15,20,55,9,21,65,39
39,69,31,29,69,1,75,8,36,68,0,52,57,54,8,12,64,35,4,26,53,21,0,8,44,38
40,25,34,72,45,73,25,36,32,63,32,55,42,17,26,11,32,12,42,68,62,71,68,2,5,43
41,64,58,55,72,63,14,29,65,72,55,33,27,43,61,64,17,43,45,51,49,14,42,63,28,75
42,2,49,23,29,48,62,30,34,62,23,28,40,72,15,19,7,19,40,43,34,56,41,43,23,15
43,14,47,69,57,12,60,47,6,26,44,22,56,41,57,46,70,41,25,42,52,11,5,42,67,40
44,56,23,60,37,61,37,3,11,7,43,4,72,31,19,17,58,51,65,24,57,17,58,35,39,34
45,54,5,54,40,2,6,28,27,9,64,51,68,57,59,21,1,29,41,60,73,68,65,50,55,66
46,5,18,73,64,3,12,13,49,25,48,60,47,0,37,43,49,6,23,21,33,5,24,58,50,32
47,30,43,13,18,16,30,43,74,14,74,65,46,19,0,33,65,32,10,16,61,1,54,69,69,59
48,1,66,59,5,42,70,73,50,30,46,16,29,38,23,66,38,8,16,72,21,3,2,34,74,29
49,15,42,32,23,5,10,50,46,18,21,71,33,62,54,1,46,57,32,27,41,32,36,73,52,24
50,19,27,52,2,35,15,49,48,4,59,14,25,70,66,2,26,59,69,19,11,0,14,45,46,63
51,16,14,11,36,62,2,54,69,57,4,45,55,34,56,14,25,44,11,41,63,25,57,14,13,67
52,61,16,50,54,19,13,61,70,0,24,39,24,7,70,38,28,69,70,6,43,23,15,55,49,1
53,68,62,67,30,64,18,69,13,16,14,74,6,28,35,37,59,63,36,31,39,9,3,24,30,68
54,45,15,45,52,11,27,51,5,59,18,18,70,39,49,68,9,64,7,65,67,13,47,32,59,13
55,11,12,41,32,25,20,2,12,2,41,40,51,27,74,29,15,30,61,12,74,38,35,52,45,74
56,44,6,57,26,20,26,74,37,71,19,70,43,60,51,4,13,11,2,4,66,42,63,33,34,33
57,75,9,56,43,7,28,25,0,51,70,58,39,45,43,35,0,49,66,1,44,6,51,9,70,22
58,8,41,64,9,71,21,32,63,27,75,57,10,67,17,25,44,20,12,74,32,36,44,46,73,31
59,26,1,48,14,13,5,10,20,54,50,26,66,75,45,70,53,50,1,0,24,64,21,13,54,47
60,73,8,44,15,17,43,31,21,6,22,46,73,56,22,75,34,37,20,45,69,30,17,6,71,11
61,52,13,36,4,44,22,52,33,19,63,63,7,22,41,30,75,28,55,71,47,22,16,15,7,17
62,3,53,16,63,51,42,27,29,42,71,17,28,49,34,27,31,75,27,33,40,69,73,20,4,8
63,29,35,30,62,41,8,67,58,40,61,61,21,32,38,10,11,53,3,30,51,75,56,41,10,50
64,41,67,58,46,53,16,26,30,65,45,24,1,68,67,41,39,54,21,70,75,59,27,11,21,7
65,36,7,34,38,21,29,70,41,64,35,47,11,1,7,23,47,1,44,54,8,10,45,0,38,26
66,6,48,74,16,26,35,19,73,3,68,9,59,33,50,48,35,68,57,36,56,20,13,23,3,45
67,12,64,53,34,74,34,63,28,28,9,11,20,58,64,69,19,16,9,3,54,26,20,4,43,51
68,53,20,7,70,29,1,7,38,39,66,0,45,64,18,54,36,66,8,40,13,45,40,26,6,53
69,39,10,43,39,0,72,53,51,11,6,35,3,11,27,67,71,52,50,32,60,62,32,47,47,4
70,0,0,19,68,36,48,65,52,73,57,56,54,50,52,59,43,2,52,64,17,16,31,3,57,72
71,35,32,4,1,58,24,34,17,56,62,49,34,30,36,7,69,10,37,61,9,40,7,18,60,0
72,23,4,40,41,31,69,17,7,41,36,12,44,42,3,34,12,4,17,48,16,12,30,28,11,70
73,60,24,46,0,40,38,48,66,70,31,31,60,23,21,5,4,9,6,14,45,7,62,49,58,36
74,31,75,66,35,67,7,56,47,29,47,53,35,12,55,22,3,34,24,58,55,19,75,30,48,55
75,57,74,10,22,27,39,16,4,15,58,32,30,59,25,60,61,62,15,22,64,63,74,29,29,41
