1,20,60,0,15,72,63,56,36,38,45,15,30,48,39,71,33,33,0,37,8,11,47,67,46,0
2,26,69,54,62,64,33,7,12,11,60,34,60,47,38,8,42,41,17,58,32,32,55,63,50,65
3,10,46,10,33,24,50,14,39,40,33,18,7,32,31,69,29,5,25,38,13,74,67,27,43,67
4,21,48,34,39,51,6,48,57,31,54,24,53,21,23,46,12,60,46,34,14,58,8,43,36,33
5,29,23,11,19,11,75,59,72,19,12,41,21,29,54,43,27,3,10,75,23,42,32,31,60,48
6,57,50,61,70,23,4,26,46,71,21,58,26,25,34,41,68,49,19,55,58,20,22,73,26,71
7,72,33,29,14,63,21,2,70,64,47,26,3,60,21,48,46,45,61,44,57,21,16,62,66,8
8,42,15,65,49,44,14,68,62,51,23,49,38,36,60,2,71,39,60,67,1,70,4,32,58,7
9,53,68,55,53,58,52,38,75,23,35,31,75,18,46,44,74,18,13,17,48,25,15,74,65,50
10,3,30,3,41,53,66,71,45,75,22,44,73,30,71,58,54,56,5,50,27,23,51,51,69,72
11,12,53,5,72,5,34,46,32,2,25,51,66,69,51,20,22,69,20,39,35,1,28,54,71,23
12,11,71,64,28,35,44,22,2,32,5,19,56,43,19,65,4,68,68,52,49,41,37,41,68,27
13,56,63,52,64,37,41,43,71,45,15,0,33,61,27,25,0,46,9,63,3,31,30,19,74,43
14,37,65,35,7,36,8,3,64,21,42,57,23,53,29,39,59,16,33,66,4,49,35,35,31,24
15,50,8,49,1,0,61,34,43,33,13,1,32,50,17,47,41,53,63,62,47,60,9,18,56,29
16,49,66,25,43,18,26,67,25,70,43,67,17,33,61,27,47,14,41,49,46,66,7,39,17,34
17,33,0,72,61,59,59,66,50,61,44,64,16,55,15,57,20,50,2,9,75,33,74,44,16,53
18,71,61,71,47,16,40,60,33,62,65,3,37,9,42,60,43,9,26,71,45,44,40,15,0,45
19,55,43,62,5,74,43,65,30,5,61,12,20,51,12,28,28,44,6,24,37,65,62,13,38,74
20,1,41,32,71,67,25,74,54,54,64,69,19,52,55,11,17,75,11,31,0,6,70,68,41,73
21,4,74,46,68,52,7,70,27,14,6,33,5,4,7,29,35,59,55,53,34,7,72,56,29,35
22,48,32,58,38,61,74,12,68,55,10,73,64,54,66,61,11,62,62,28,72,55,6,40,39,38
23,25,5,27,63,6,29,62,37,9,8,40,14,24,4,31,38,70,28,72,5,10,66,24,34,11
24,62,29,41,37,3,32,69,26,42,30,4,62,23,37,66,36,29,42,19,66,34,25,23,53,14
25,23,54,16,44,28,20,63,16,56,11,42,68,6,36,13,64,71,3,0,40,9,24,47,61,32
26,2,27,47,67,42,16,6,24,37,37,7,6,35,59,49,52,52,18,73,29,37,49,0,6,47
27,52,26,23,35,46,54,32,21,29,69,62,36,63,13,16,5,0,53,54,10,75,54,3,33,12
28,64,73,42,12,25,65,54,35,43,34,48,67,42,35,19,19,38,23,22,31,59,11,46,57,60
29,5,24,7,59,56,23,72,63,27,63,35,55,5,14,21,3,24,36,45,26,35,46,58,21,15
30,32,10,73,42,40,51,73,19,0,24,53,1,10,52,52,44,34,32,42,60,61,13,33,45,75
31,59,44,50,36,54,70,0,42,4,32,9,46,46,3,23,55,32,69,20,28,13,59,5,14,52
32,30,22,20,55,39,24,27,11,12,31,66,15,3,41,54,73,31,30,64,2,2,5,8,40,25
33,17,7,57,3,62,2,44,18,15,3,21,13,16,69,34,1,1,14,70,55,17,61,30,27,4
34,61,57,4,65,41,11,15,49,63,28,2,61,65,6,33,39,30,59,4,21,24,48,60,23,16
35,73,64,14,27,12,0,42,28,74,9,29,44,26,28,56,21,43,57,69,11,29,14,14,51,21
36,43,40,51,31,14,73,53,1,57,68,37,27,8,25,51,24,47,29,43,51,56,68,42,4,46
37,14,67,66,24,13,47,50,23,26,26,36,18,38,24,73,56,65,56,1,19,26,12,48,62,51
38,41,58,70,22,70,64,9,47,1,55,39,8,37,2,74,23,28,54,3,73,57,42,55,19,22
39,0,70,56,4,32,62,64,3,48,57,38,45,49,1,14,34,8,67,11,59,63,64,16,22,58
40,45,36,53,50,30,18,55,74,3,56,23,0,41,74,72,53,48,65,60,25,69,18,22,32,63
41,38,20,24,10,34,13,61,65,69,58,5,63,40,32,6,15,2,16,48,54,12,69,12,20,62
42,8,72,28,30,26,60,35,31,24,14,25,49,28,18,45,2,57,24,30,64,5,38,36,70,56
43,36,19,45,16,50,19,13,15,28,16,50,65,12,70,5,18,35,71,36,50,71,71,4,3,13
44,54,31,69,25,8,12,33,0,72,17,10,35,58,73,9,30,19,70,7,63,18,56,17,75,57
45,40,49,43,73,48,71,75,10,13,1,52,39,67,64,42,66,7,73,29,18,72,0,65,30,18
46,74,3,21,60,27,72,11,6,52,67,75,31,31,9,4,7,13,4,47,16,48,29,28,1,36
47,69,59,26,18,66,37,58,38,65,7,72,57,2,58,15,16,36,72,46,15,64,1,25,49,26
48,22,4,67,57,45,55,4,60,39,0,28,74,1,49,7,60,40,50,41,9,46,34,37,55,5
49,16,45,15,8,69,69,51,34,50,50,8,42,39,48,26,57,6,64,16,12,14,26,70,47,70
50,15,6,31,40,43,3,37,17,49,49,43,54,15,56,59,51,17,48,10,43,73,75,57,2,9
51,60,62,36,52,4,30,49,59,8,52,11,72,19,11,36,50,66,66,56,36,68,10,10,35,37
52,27,55,13,51,21,9,57,53,46,51,45,58,20,30,30,26,26,75,12,69,62,63,53,73,31
53,9,11,40,9,10,58,36,52,66,70,30,4,14,68,68,40,15,27,21,67,67,60,52,24,17
54,44,25,2,0,31,27,28,20,20,4,59,50,22,5,32,10,74,38,27,41,0,27,11,64,69
55,19,52,9,32,73,48,40,73,22,38,68,29,17,20,67,31,61,21,6,33,22,2,38,48,61
56,13,75,39,69,29,57,1,61,25,40,71,12,62,50,35,37,10,37,51,74,36,44,21,15,42
57,6,34,33,48,68,56,52,4,36,39,14,47,0,63,17,49,42,35,61,7,38,58,50,28,44
58,65,38,22,74,9,53,47,67,68,41,6,52,44,47,10,70,72,74,2,6,4,57,29,8,39
59,31,47,68,29,17,17,5,51,73,73,54,71,74,26,50,14,21,34,65,39,28,31,72,63,66
60,51,1,75,46,75,42,18,48,67,2,61,2,7,8,18,48,4,8,40,30,15,53,34,5,28
61,34,18,6,17,22,15,41,56,17,19,60,34,13,16,22,62,55,7,57,65,30,33,64,25,55
62,24,51,19,2,33,39,23,8,18,74,27,24,56,72,0,61,22,22,15,71,52,19,7,37,41
63,67,13,74,23,7,1,25,29,34,29,65,41,27,57,64,72,64,15,13,44,39,52,2,59,40
64,28,35,12,13,2,38,39,14,7,20,17,22,73,45,63,25,63,49,32,42,47,39,61,54,68
65,58,14,8,34,71,28,19,41,47,18,63,43,34,75,12,67,37,40,59,61,19,73,45,9,2
66,68,16,37,75,47,10,17,69,53,75,32,11,75,22,24,45,51,51,14,24,16,23,69,7,59
67,63,37,48,26,20,68,16,58,60,46,16,28,45,0,55,65,73,39,8,53,53,3,1,72,3
68,66,9,59,21,57,67,8,22,58,36,55,25,72,53,53,6,12,12,74,70,51,36,20,12,64
69,47,2,44,56,49,49,24,66,41,27,20,70,11,33,3,75,11,31,35,52,40,41,66,10,54
70,75,39,38,6,38,31,21,7,16,53,74,69,71,43,75,58,23,44,33,68,8,20,49,42,49
71,18,12,18,20,65,45,10,13,6,72,56,59,70,10,1,8,25,43,18,62,43,43,75,11,6
72,7,42,17,11,1,46,29,5,44,71,47,51,68,62,40,63,58,47,23,22,45,21,59,67,10
73,35,28,30,45,55,36,30,55,59,59,22,10,64,44,37,32,67,45,26,38,50,65,6,52,20
74,46,21,63,58,19,22,20,40,35,62,70,48,59,40,38,9,54,58,68,56,3,17,9,13,19
75,70,56,60,66,60,5,45,9,10,66,46,9,66,65,70,69,20,52,5,17,27,50,71,44,30
