1,26,38,19,29,14,11,57,72,3,24,43,39,45,41,61,67,50,41,17,14,46,65,17,41,0
2,69,17,9,49,68,35,71,49,12,39,21,16,52,42,49,62,67,38,44,30,50,67,69,12,30
3,61,0,68,57,53,43,29,8,1,45,48,48,56,31,28,27,36,18,58,25,57,11,26,40,8
4,42,54,22,39,11,27,72,10,26,14,57,55,46,60,65,65,48,39,51,9,38,47,14,24,51
5,74,30,60,16,75,54,75,11,64,29,45,53,16,30,59,29,44,52,11,45,48,64,20,37,25
6,8,31,16,11,72,64,23,38,33,66,66,44,53,43,70,69,75,75,18,26,41,21,74,58,17
7,50,63,69,51,15,44,56,59,75,46,31,25,32,53,31,51,9,23,62,52,67,0,75,25,31
8,6,18,24,53,28,47,61,3,53,64,75,10,20,39,71,74,13,62,10,67,71,73,32,51,3
9,27,27,2,20,30,20,53,20,54,73,23,20,51,52,16,54,7,61,0,4,55,10,73,22,56
10,24,40,34,14,33,70,28,4,13,36,72,8,30,14,43,44,61,47,8,70,62,9,22,54,71
11,28,59,0,6,4,1,25,5,57,41,17,46,64,59,58,35,40,63,5,44,15,3,28,50,24
12,15,28,33,31,24,41,0,74,2,75,22,28,73,74,44,66,68,17,63,75,56,39,35,2,27
13,59,68,49,34,37,53,55,65,10,71,68,45,42,55,62,20,8,70,37,22,53,37,44,21,50
14,70,69,71,10,1,59,54,73,48,4,25,15,33,10,45,42,65,72,29,1,63,29,4,62,26
15,12,53,20,66,7,40,70,18,32,52,27,14,59,48,0,72,52,33,52,65,11,69,24,43,46
16,19,57,6,5,25,72,43,17,72,22,51,2,5,72,9,24,37,29,49,29,28,66,54,30,66
17,44,2,30,28,26,18,48,16,62,18,11,66,58,67,39,19,33,12,1,53,44,59,1,34,6
18,39,8,40,37,23,17,42,15,68,17,41,38,68,21,48,40,43,3,6,56,31,45,23,45,42
19,16,71,1,75,31,57,60,44,46,63,35,42,21,51,54,17,39,28,21,40,73,62,40,47,35
20,57,41,15,9,29,9,62,9,51,38,46,9,8,40,64,13,32,31,35,58,29,51,5,26,28
21,73,45,36,0,58,51,58,67,45,60,2,71,19,18,51,46,24,26,19,73,32,6,53,13,22
22,56,26,4,45,64,23,50,30,73,16,12,63,71,29,67,41,49,64,56,13,70,70,10,9,21
23,41,62,25,69,18,22,6,37,41,28,9,33,41,68,68,71,55,7,34,50,68,43,18,63,59
24,10,44,8,26,12,58,51,57,42,1,60,29,36,75,75,16,21,54,66,39,36,31,15,4,11
25,46,42,23,68,16,49,11,68,61,43,14,7,57,35,57,37,46,37,31,3,52,61,46,7,5
26,1,22,65,24,17,62,45,58,4,58,37,0,60,28,47,45,59,21,75,6,61,54,3,20,14
27,9,9,57,63,55,4,59,33,66,48,15,41,63,0,30,3,28,67,74,33,74,36,42,52,12
28,11,12,38,17,8,39,10,71,34,23,36,12,62,26,3,73,27,19,73,34,16,46,11,29,20
29,75,75,62,1,20,36,3,35,65,5,70,24,39,22,41,5,41,16,14,16,20,14,0,28,55
30,35,5,17,70,9,65,68,22,31,54,50,70,10,5,27,32,47,40,72,2,64,68,51,16,2
31,53,6,61,12,19,38,41,62,30,62,7,49,35,3,7,59,45,20,25,60,18,24,55,42,7
32,63,34,58,44,42,74,35,75,15,51,44,62,7,36,63,30,20,58,59,71,21,58,8,74,67
33,0,60,12,64,10,52,65,27,6,68,56,23,14,62,46,55,17,15,54,27,40,41,43,61,62
34,71,32,10,13,61,48,69,48,28,49,63,54,66,49,52,57,69,43,23,28,37,38,66,17,40
35,30,73,64,36,40,2,32,29,69,55,19,60,31,25,66,11,56,44,20,48,65,57,12,48,19
36,40,65,21,35,66,29,74,42,50,10,28,74,24,32,53,56,3,56,48,59,24,27,58,64,38
37,38,72,47,18,13,60,52,23,60,67,26,75,40,71,72,25,16,25,13,38,34,13,59,5,41
38,37,1,28,43,54,31,67,6,0,20,61,18,50,61,55,61,72,2,57,37,4,34,68,49,36
39,18,56,75,4,47,28,66,70,63,2,59,1,29,8,17,64,19,4,67,24,0,12,52,73,54
40,36,10,18,67,35,15,49,63,44,0,64,67,37,20,69,18,11,30,55,19,33,72,19,3,34
41,23,20,70,62,74,12,31,46,23,11,18,27,23,1,29,22,29,1,45,62,6,33,60,1,37
42,4,25,43,73,32,75,18,36,24,56,73,19,13,2,74,14,64,60,60,57,69,55,27,31,18
43,60,70,42,38,52,3,16,0,67,25,1,68,47,6,10,70,18,34,71,46,49,23,33,15,47
44,17,24,56,32,71,7,73,19,40,53,32,6,65,58,12,10,5,35,2,11,17,60,13,68,48
45,49,21,50,22,69,0,26,53,21,3,5,13,1,70,14,26,31,0,41,5,58,18,70,18,52
46,25,74,54,50,60,69,64,41,19,7,20,11,4,69,33,21,25,59,47,43,1,28,25,60,15
47,68,66,37,72,39,8,63,61,70,65,67,65,43,66,26,68,30,10,46,0,72,4,56,19,43
48,62,61,51,65,0,34,17,34,14,27,3,3,70,15,18,60,4,53,36,35,5,74,61,35,44
49,45,52,13,2,63,25,40,2,74,34,0,31,0,34,2,58,22,73,16,54,43,71,62,38,57
50,7,58,45,46,70,56,22,64,36,74,30,58,38,64,73,0,1,65,65,23,2,52,72,11,13
51,72,55,48,7,56,21,24,52,20,32,16,56,9,19,21,7,73,66,4,61,59,20,30,8,4
52,55,49,67,58,43,33,37,51,58,15,74,61,2,9,34,53,15,5,15,7,25,50,39,27,45
53,31,15,63,8,3,13,9,45,8,44,55,5,6,7,36,52,58,48,61,17,13,63,21,65,61
54,58,4,46,74,38,5,14,55,9,30,58,34,69,73,19,9,62,24,33,49,66,26,16,10,39
55,52,51,72,71,27,61,13,54,56,35,53,4,61,13,38,33,23,74,40,74,9,42,31,70,29
56,22,39,44,60,51,50,7,69,55,42,33,51,3,65,60,36,35,36,22,18,12,75,47,66,9
57,20,16,27,3,67,19,1,24,11,59,4,64,25,63,25,34,66,71,38,42,3,35,65,71,49
58,54,50,32,52,21,24,21,26,52,26,54,50,17,44,11,49,53,32,3,20,45,32,36,6,65
59,13,11,74,61,65,14,27,7,71,57,39,73,15,11,5,31,26,46,32,36,51,17,37,72,23
60,43,33,5,56,46,37,19,66,37,21,24,35,26,4,56,48,63,42,42,31,75,44,41,46,73
61,3,48,31,59,34,55,8,47,25,69,38,52,55,38,1,38,10,9,53,51,26,25,48,33,53
62,48,23,29,41,73,26,20,31,17,31,71,32,28,33,13,2,54,8,7,41,10,19,49,14,33
63,32,7,53,27,49,66,47,40,39,19,34,22,27,57,32,75,60,11,12,68,14,53,64,23,72
64,67,67,35,33,22,6,46,50,5,8,40,57,11,50,20,39,42,22,68,66,30,5,63,36,75
65,66,36,26,48,59,30,33,13,29,47,69,47,44,56,4,4,14,50,50,15,35,1,57,53,58
66,65,47,73,15,36,63,39,60,27,6,6,17,34,47,35,12,57,51,24,64,54,16,34,56,16
67,64,64,52,40,57,71,38,21,43,37,47,40,72,17,22,1,2,27,39,8,7,2,71,75,32
68,47,13,3,25,2,73,30,25,18,33,13,43,18,23,23,47,12,69,64,63,23,30,38,44,70
69,2,14,7,23,45,46,34,56,35,61,65,72,54,46,40,6,34,68,70,72,42,15,2,0,74
70,14,43,41,30,50,10,15,39,47,72,29,30,48,45,6,43,74,13,69,10,22,22,45,55,68
71,34,19,14,55,44,67,2,28,59,13,62,21,22,37,8,23,0,57,43,32,8,49,67,57,10
72,51,37,55,47,6,16,4,1,16,70,10,69,67,16,37,15,38,14,30,69,47,40,50,59,63
73,21,35,66,42,62,68,44,14,22,9,42,59,12,54,50,28,51,49,28,21,19,8,9,39,60
74,5,46,59,54,41,32,36,12,49,50,52,36,75,12,42,8,70,55,27,55,27,48,6,32,69
75,29,29,39,19,5,42,5,32,7,12,8,37,74,24,24,63,6,6,26,12,60,56,7,67,64
