1,61,53,38,63,43,61,39,59,20,41,31,58,9,58,7,16,33,61,49,28,58,43,35,22,70
2,44,7,6,60,41,18,50,74,33,62,12,9,44,56,53,75,68,14,62,20,29,40,8,68,32
3,51,25,45,51,14,66,23,14,27,56,40,52,57,27,29,27,59,20,31,40,11,45,32,0,63
4,19,61,55,25,62,44,60,34,0,36,29,15,66,57,73,28,48,64,69,52,48,9,7,25,19
5,29,62,7,48,9,26,25,16,41,18,58,19,38,19,43,35,73,74,17,45,0,68,70,67,29
6,23,19,2,47,38,58,38,30,39,44,35,40,32,54,74,33,40,53,39,47,18,14,0,51,48
7,8,2,5,22,10,12,28,67,53,28,21,70,59,18,1,22,21,67,67,17,54,15,4,54,11
8,7,67,0,21,37,32,64,53,67,37,33,18,10,23,28,57,70,11,0,36,40,32,2,70,56
9,73,64,56,10,5,47,65,18,11,12,44,2,1,34,45,31,75,69,16,43,53,4,19,31,51
10,22,23,11,9,7,62,71,70,46,51,61,37,8,48,13,58,25,28,58,44,41,48,64,56,42
11,75,22,10,46,63,37,16,33,9,60,67,48,54,29,21,24,55,8,28,56,3,16,34,36,7
12,46,57,15,20,30,7,73,43,16,9,2,43,56,66,35,49,15,50,22,46,45,20,51,40,24
13,72,0,18,67,70,17,52,26,60,27,57,67,67,33,10,63,61,23,71,22,44,56,29,65,66
14,17,46,52,49,3,49,40,3,66,33,73,45,28,63,27,21,65,2,65,0,57,6,40,35,58
15,28,52,12,37,66,63,75,69,58,58,46,4,43,36,36,51,12,33,37,57,60,7,21,28,61
16,36,28,57,64,22,54,11,5,12,43,25,38,26,30,49,1,19,40,9,53,74,11,48,59,35
17,14,41,26,44,69,13,54,27,37,31,48,32,31,26,30,62,54,49,5,7,72,25,27,43,53
18,26,74,13,39,34,2,56,9,52,5,28,8,75,7,63,37,24,27,29,64,6,67,30,46,33
19,4,6,72,58,46,52,35,39,48,57,70,5,23,5,51,66,16,46,60,42,39,72,9,23,4
20,41,37,73,12,53,68,27,49,1,49,49,27,68,74,48,29,44,3,27,2,49,12,41,26,75
21,43,44,29,8,75,27,34,22,43,29,7,56,36,37,11,14,7,52,33,60,36,54,15,47,44
22,10,11,46,7,16,0,47,21,73,55,75,44,60,39,44,7,47,68,12,13,35,37,31,1,26
23,6,10,70,29,74,50,3,48,57,0,59,61,19,8,60,43,32,13,72,50,59,59,26,19,52
24,37,69,61,27,61,73,58,54,50,46,39,34,29,53,69,11,18,54,50,58,66,65,54,64,12
25,69,3,67,4,39,29,5,44,51,47,16,69,74,55,52,55,10,48,51,37,51,17,61,4,50
26,18,31,17,0,60,5,45,13,68,64,65,68,16,17,56,30,43,63,53,75,73,41,23,20,22
27,39,63,36,24,32,21,20,17,3,13,30,20,47,3,14,3,60,18,20,65,32,39,17,38,36
28,15,16,63,41,31,35,7,51,47,7,18,64,14,52,8,4,56,10,11,1,38,73,36,15,30
29,5,70,21,23,45,25,46,40,54,21,4,46,24,11,3,20,71,58,18,71,2,0,13,69,5
30,60,71,33,32,12,59,61,6,42,53,27,33,62,16,17,26,42,57,66,62,64,46,18,33,28
31,34,26,34,53,28,33,0,45,70,17,1,35,17,49,64,9,72,0,3,55,50,36,22,9,49
32,67,35,50,30,27,8,72,56,71,63,42,17,6,62,40,73,23,73,38,61,27,8,3,75,2
33,63,50,30,34,0,31,48,11,2,14,8,30,49,13,61,6,1,15,21,54,61,62,62,30,18
34,31,54,31,33,18,48,21,4,65,35,53,24,53,9,54,72,46,65,45,41,71,50,11,53,41
35,71,32,62,52,55,28,19,42,59,34,6,31,51,73,12,5,53,41,47,51,22,71,1,14,16
36,16,58,27,54,73,72,41,50,72,4,47,62,21,15,15,60,57,42,54,8,21,31,28,11,27
37,24,20,69,15,8,11,57,52,17,8,41,10,61,21,39,18,39,47,15,25,70,22,52,71,55
38,68,59,1,50,6,70,6,75,63,69,62,16,5,65,42,71,58,55,32,49,28,53,59,27,59
39,27,72,54,18,25,43,1,19,6,52,24,66,58,22,37,56,37,75,6,69,19,27,42,58,40
40,49,45,68,72,47,56,14,29,49,48,3,6,41,46,32,64,6,16,59,3,8,2,14,12,39
41,20,17,71,28,2,42,36,73,5,1,37,55,40,61,67,54,45,35,56,34,10,26,20,74,34
42,57,56,48,56,68,41,66,35,30,74,32,60,73,72,38,48,30,36,64,19,63,60,39,45,10
43,21,49,44,70,1,39,59,12,21,16,64,12,15,59,5,23,26,56,48,9,56,1,47,17,60
44,2,21,43,17,50,4,55,25,55,6,9,22,2,51,22,50,20,45,75,10,13,47,67,55,21
45,50,40,3,73,29,57,26,31,64,65,69,14,46,0,9,67,41,44,34,5,12,3,73,42,71
46,12,14,22,11,19,55,29,58,10,24,15,29,45,40,57,74,34,19,74,12,62,30,65,18,72
47,59,68,59,6,40,9,22,62,28,25,36,63,27,67,58,70,22,37,35,6,55,44,43,21,0
48,70,73,42,5,56,34,33,23,19,40,17,11,63,10,20,42,4,25,43,72,4,10,16,60,6
49,40,43,51,14,54,14,74,20,40,20,20,74,33,31,16,12,63,17,1,38,20,58,66,57,31
50,45,33,32,38,44,23,2,36,24,71,56,54,55,75,59,44,52,12,24,23,31,34,71,66,25
51,3,60,49,3,59,60,68,28,25,10,55,59,35,44,19,15,69,66,25,35,25,70,12,6,9
52,53,15,14,35,65,19,13,37,18,39,63,3,70,28,25,68,50,21,68,4,67,66,37,61,23
53,52,1,60,31,20,69,62,8,7,30,34,65,34,24,2,69,35,6,26,16,9,38,72,34,17
54,58,34,39,36,49,16,17,24,29,59,68,50,11,6,34,41,17,24,36,33,7,21,24,7,65
55,56,66,4,65,35,46,44,65,44,22,51,41,50,25,66,25,11,38,63,31,47,75,69,44,37
56,55,42,9,42,48,40,18,32,62,3,50,21,12,2,26,39,28,43,41,11,43,13,63,10,8
57,42,12,16,69,64,45,37,64,23,19,13,72,3,4,46,8,36,30,73,15,14,69,68,49,68
58,54,36,66,19,67,6,24,46,15,15,5,1,39,1,47,10,38,29,10,24,1,49,74,39,14
59,47,38,47,61,51,30,43,1,35,54,23,51,7,43,50,65,3,71,40,74,23,23,38,16,38
60,30,51,53,2,26,51,4,71,13,11,74,42,22,70,23,36,27,70,19,21,15,42,75,48,43
61,1,4,24,59,24,1,30,63,74,67,10,23,37,41,33,0,13,1,70,32,33,74,25,52,15
62,66,5,35,68,4,10,53,47,56,2,38,36,30,32,65,17,64,72,2,30,46,33,33,63,74
63,33,27,28,1,11,15,67,61,38,32,52,47,48,14,18,13,49,26,55,66,42,64,56,62,3
64,0,9,65,16,57,65,8,57,45,26,43,28,0,68,31,40,62,4,42,18,30,63,10,24,69
65,74,75,64,55,52,64,9,55,34,45,26,53,69,38,62,59,14,34,14,27,68,24,46,13,54
66,62,55,58,75,15,3,42,72,14,75,72,39,4,12,55,19,0,51,30,63,24,52,49,50,13
67,32,8,25,13,58,71,63,7,8,61,11,13,13,47,41,45,74,7,7,70,52,18,44,5,73
68,38,47,40,62,42,20,51,0,26,70,54,26,20,64,72,52,2,22,52,73,65,5,57,2,57
69,25,24,37,57,17,53,70,15,75,38,45,25,65,71,24,53,51,9,4,39,75,57,55,29,64
70,48,29,23,43,13,38,69,10,31,68,19,7,52,60,71,47,8,60,61,67,37,51,5,8,1
71,35,30,41,74,72,67,10,60,32,50,0,73,72,69,70,38,29,59,13,29,34,35,50,37,45
72,13,39,19,40,71,36,32,66,36,73,66,57,71,42,68,34,31,62,23,48,17,19,53,73,46
73,9,48,20,45,36,24,12,41,22,72,14,71,42,35,4,32,5,32,57,68,26,28,45,72,67
74,65,18,75,71,23,75,49,2,61,42,60,49,25,20,6,46,67,5,46,59,16,61,58,41,62
75,11,65,74,66,21,74,15,38,69,66,22,0,18,50,0,2,9,39,44,26,69,55,60,32,20
