1,50,65,27,75,7,17,18,50,38,24,57,68,4,12,70,31,2,54,9,51,22,56,73,72,16
2,16,16,23,21,51,24,43,9,45,22,55,31,18,67,55,23,1,69,61,55,31,74,8,36,65
3,69,67,9,57,70,18,5,66,67,25,41,63,57,22,52,39,14,66,55,75,40,51,40,35,58
4,6,22,60,31,12,22,63,18,31,45,5,51,1,59,7,43,54,67,72,25,11,40,11,45,11
5,71,54,14,55,75,56,3,40,23,74,4,54,38,29,65,70,29,45,32,11,66,32,63,10,74
6,4,53,55,52,62,25,52,55,56,13,70,73,55,51,10,66,57,16,42,54,55,39,53,65,45
7,35,55,54,20,1,26,60,14,8,39,25,44,24,69,4,59,47,13,13,20,38,53,45,19,51
8,29,29,59,54,42,13,12,74,7,20,66,18,70,60,32,74,18,55,41,9,42,27,2,34,24
9,22,21,3,67,71,60,36,2,15,50,40,47,43,74,15,40,23,72,1,8,41,33,56,17,55
10,15,15,21,26,66,20,23,63,13,43,42,40,47,71,6,22,64,61,30,48,45,26,30,5,54
11,37,41,73,63,38,33,39,39,42,31,34,32,67,43,43,34,68,38,0,5,4,54,4,32,4
12,48,19,35,37,4,57,8,60,14,17,46,71,36,1,67,54,70,63,75,70,64,59,39,23,40
13,34,39,34,61,72,8,27,44,10,6,63,37,71,33,69,18,58,7,7,42,58,66,0,54,50
14,43,51,5,28,39,42,69,7,12,46,38,33,48,19,62,69,3,49,64,39,34,36,52,37,72
15,10,10,18,71,17,35,56,51,9,44,0,22,26,47,9,41,45,40,67,61,27,35,48,16,41
16,2,2,32,73,54,34,59,28,59,63,73,59,60,44,0,55,73,6,71,46,17,42,74,15,1
17,59,63,49,35,15,1,61,24,33,12,54,52,51,41,46,36,51,59,49,24,16,24,51,9,59
18,62,27,15,65,52,3,1,4,35,34,37,8,2,25,38,13,8,36,33,62,35,58,24,30,49
19,58,12,30,72,48,31,47,31,37,67,47,45,27,14,25,51,35,64,47,65,48,30,27,7,61
20,24,52,44,7,22,10,65,52,70,8,59,21,63,72,75,30,25,56,57,7,43,68,59,66,64
21,56,9,10,2,53,36,74,22,26,59,31,20,56,31,74,58,69,22,43,72,53,47,26,57,66
22,9,4,75,64,20,4,68,21,24,2,69,15,33,3,29,10,56,21,27,29,1,64,34,70,39
23,25,43,2,33,26,29,10,73,5,33,53,60,29,66,31,2,9,27,56,27,57,45,75,12,75
24,20,70,46,41,32,2,75,17,22,1,43,29,7,57,40,64,41,57,46,17,32,17,18,75,8
25,23,45,38,44,35,6,42,70,49,3,7,61,30,18,19,46,20,28,31,4,30,73,46,48,56
26,49,64,57,10,23,7,0,71,21,36,62,0,15,49,30,49,37,52,65,67,68,10,21,59,57
27,65,18,1,42,36,65,13,37,61,57,51,35,19,42,64,68,31,23,22,23,15,8,19,69,35
28,72,68,43,14,56,74,34,16,53,35,30,74,66,35,59,37,43,25,40,41,65,75,36,47,48
29,8,8,0,60,33,23,41,46,75,68,39,24,23,5,22,33,5,68,48,22,69,69,65,53,46
30,42,69,19,46,49,43,46,48,63,56,28,38,25,52,26,20,0,62,10,53,25,19,10,18,73
31,64,48,70,4,60,19,62,19,4,11,21,2,73,21,23,1,27,41,25,38,2,63,42,40,62
32,60,74,16,49,24,41,53,35,50,37,56,11,52,36,8,52,42,46,5,66,24,5,41,11,44
33,39,49,64,23,29,11,49,45,17,23,74,14,22,13,51,29,71,60,18,69,49,9,68,55,68
34,13,38,13,40,73,16,28,53,47,18,11,53,37,65,58,11,75,43,50,36,14,44,22,8,37
35,7,47,12,17,25,15,67,32,18,28,44,27,58,28,36,53,19,73,59,74,18,15,69,3,27
36,47,71,74,68,27,21,9,54,46,26,58,58,12,32,35,17,67,18,44,34,60,14,28,2,47
37,11,40,51,12,64,55,64,27,19,32,18,13,34,54,73,28,26,65,54,45,44,60,50,14,34
38,44,34,25,39,11,70,55,0,1,53,14,30,5,39,18,73,48,11,39,31,7,57,54,63,69
39,33,13,47,38,14,68,11,11,73,7,29,42,69,38,44,3,66,0,38,14,62,6,12,58,22
40,61,37,72,34,58,75,44,5,62,49,9,10,44,50,24,9,55,15,28,52,3,4,3,31,12
41,51,11,62,24,55,32,29,75,72,61,3,56,50,17,42,15,24,31,8,28,9,49,32,62,15
42,30,59,52,27,8,14,25,67,11,47,10,39,65,27,41,71,32,53,6,13,8,16,31,56,53
43,14,23,28,58,50,30,2,62,66,10,24,48,9,11,11,4,28,34,21,57,20,72,70,67,0
44,38,66,20,25,0,67,40,13,69,15,35,7,40,16,39,50,49,75,36,50,37,34,61,52,32
45,73,25,56,48,63,58,58,33,2,4,67,19,49,63,50,63,15,5,73,37,10,23,7,4,6
46,63,61,24,30,59,73,30,29,36,14,12,57,53,62,17,25,62,32,24,16,72,65,25,73,29
47,36,35,39,74,69,61,19,64,34,42,19,9,10,15,61,61,7,50,19,68,59,21,72,28,36
48,12,31,63,45,19,51,54,30,65,69,52,43,14,55,53,72,38,74,29,10,19,55,15,25,28
49,26,33,17,32,30,53,33,65,25,40,64,50,45,26,56,26,44,14,17,63,33,41,66,60,18
50,1,62,61,62,43,66,66,1,32,9,71,49,41,40,45,44,52,47,34,44,70,0,37,74,13
51,41,14,37,0,2,48,70,15,68,62,27,4,17,6,33,19,17,58,74,1,73,3,17,71,7
52,0,20,42,6,18,64,6,20,0,0,48,17,32,30,3,32,50,26,62,40,54,70,14,44,63
53,68,6,69,66,21,49,32,34,28,38,23,34,46,73,48,35,63,42,63,30,21,7,6,29,42
54,57,5,7,8,16,0,48,36,64,55,17,5,61,37,72,12,4,1,37,6,52,11,38,13,10
55,67,7,6,5,41,37,38,6,74,54,2,69,6,48,2,16,40,8,3,2,6,48,62,33,9
56,21,72,45,69,28,5,15,58,6,30,32,41,21,0,49,75,22,20,23,60,74,1,9,42,25
57,54,0,26,3,61,12,72,68,60,27,1,46,3,24,66,60,6,24,20,43,23,38,71,21,26
58,19,75,71,43,40,45,45,56,71,72,36,36,35,75,34,21,13,51,60,64,13,18,67,39,3
59,17,42,8,70,46,69,16,61,16,21,20,16,74,4,28,7,65,17,35,0,47,12,20,26,17
60,32,73,4,29,31,9,7,12,57,65,65,23,16,8,68,57,74,33,58,56,36,37,64,49,67
61,40,46,50,13,57,47,17,59,27,41,75,25,54,68,47,47,72,10,2,15,0,67,44,64,19
62,18,50,41,50,6,63,31,43,40,51,26,65,64,46,14,67,46,30,52,18,39,71,55,41,31
63,46,17,48,11,45,62,4,10,30,16,13,3,20,45,71,45,53,12,53,49,75,31,5,38,52
64,31,26,33,22,37,52,37,47,54,73,49,67,62,70,27,24,10,19,14,58,12,22,60,61,20
65,27,1,68,18,67,27,20,49,48,60,60,62,42,34,5,0,59,37,26,19,28,46,29,6,2
66,70,44,67,53,10,50,50,3,43,75,8,75,28,23,57,6,39,3,69,32,5,13,49,20,21
67,55,3,66,9,65,44,35,42,3,19,45,64,11,2,12,62,36,4,15,26,71,61,58,43,60
68,53,28,65,36,74,39,22,57,51,29,72,1,72,61,60,27,11,29,70,47,26,20,33,0,33
69,3,30,53,56,47,59,14,72,44,48,22,55,39,7,13,14,21,2,66,33,29,29,35,27,38
70,66,24,31,59,3,38,51,25,20,71,6,72,8,64,1,5,12,71,68,12,50,52,43,22,71
71,5,36,58,15,9,72,73,26,58,70,50,12,13,10,63,42,33,70,16,73,67,62,57,51,70
72,28,56,40,19,13,71,57,69,41,58,68,70,68,20,54,48,61,9,4,21,46,43,47,1,14
73,45,60,11,16,34,46,71,23,39,64,16,6,31,53,37,38,16,35,45,71,51,25,1,46,30
74,75,32,36,47,68,28,21,8,55,5,33,28,59,9,21,8,60,48,51,35,56,2,16,50,5
75,74,58,22,1,5,40,24,41,29,66,61,66,0,58,20,56,34,44,12,3,63,28,23,24,23
