1,30,32,46,21,3,28,57,10,32,10
2,66,55,16,13,54,17,30,55,55,75
3,60,19,30,75,1,31,53,70,8,26
4,9,27,33,24,55,73,40,73,49,20
5,73,71,31,57,11,47,33,75,23,51
6,70,31,29,14,9,48,43,60,45,8
7,37,34,40,38,28,53,24,40,61,45
8,68,66,74,59,65,45,71,39,3,6
9,4,42,25,68,6,34,14,46,69,47
10,59,13,39,31,64,29,39,1,21,1
11,61,43,50,20,5,54,12,59,29,46
12,20,75,14,71,16,68,11,20,57,24
13,21,10,61,2,41,37,62,18,34,73
14,45,40,12,6,46,33,9,29,0,44
15,0,21,35,22,20,71,74,51,28,31
16,52,52,2,54,12,61,54,64,51,53
17,19,48,65,19,27,2,65,42,50,65
18,55,22,43,45,43,44,41,13,75,43
19,17,3,75,17,62,39,48,32,39,74
20,12,65,24,11,15,59,35,12,42,4
21,13,15,0,1,73,24,44,25,10,69
22,75,18,27,15,53,74,29,69,44,32
23,74,45,54,63,67,64,38,57,5,72
24,51,29,20,4,75,21,7,67,59,12
25,38,74,9,70,35,72,72,21,48,36
26,65,38,70,60,33,40,68,44,65,3
27,72,4,22,58,17,41,64,66,54,41
28,48,33,62,44,7,1,36,65,15,58
29,49,24,6,46,40,10,22,14,11,34
30,1,68,3,0,60,62,2,43,53,40
31,35,6,5,10,52,3,46,33,33,15
32,58,1,52,33,59,69,34,19,1,22
33,41,28,4,32,26,14,5,31,31,60
34,47,7,49,43,48,9,32,52,13,29
35,31,59,15,48,25,57,20,68,66,56
36,40,70,58,69,49,63,28,61,68,25
37,7,39,38,41,74,13,73,48,56,42
38,25,26,37,7,42,50,23,0,58,63
39,43,37,10,50,57,19,10,8,19,68
40,36,14,7,53,29,26,4,7,60,30
41,33,72,55,37,13,27,18,54,64,27
42,53,9,59,47,38,70,61,17,20,37
43,39,11,18,34,18,75,6,30,63,18
44,46,50,57,28,66,18,21,26,22,14
45,14,23,53,18,50,8,70,71,6,7
46,44,57,1,29,14,55,31,9,71,11
47,34,61,63,42,51,5,69,58,70,9
48,28,17,73,35,34,6,19,37,25,54
49,29,0,34,67,36,51,52,50,4,57
50,57,44,11,39,45,38,60,49,17,52
51,24,67,60,66,47,49,55,15,16,5
52,16,16,32,74,31,56,49,34,72,50
53,42,54,45,40,22,7,3,72,30,16
54,64,53,23,16,2,11,16,41,27,48
55,18,2,41,73,4,46,51,2,2,61
56,67,73,66,72,69,52,75,74,37,35
57,50,46,44,5,39,35,1,23,12,49
58,32,69,36,27,61,60,59,47,38,28
59,10,35,42,8,32,20,58,11,24,64
60,3,63,51,26,30,58,50,6,40,33
61,11,47,13,64,58,16,42,36,7,55
62,63,64,28,65,19,30,13,63,67,70
63,62,60,47,23,0,36,67,62,43,38
64,54,62,68,61,10,23,27,16,41,59
65,26,20,17,62,8,66,17,28,26,17
66,2,8,56,51,44,65,0,27,35,67
67,56,51,71,49,23,0,63,24,62,66
68,8,30,64,9,71,12,26,35,36,39
69,71,58,72,36,56,32,47,22,9,21
70,6,36,26,25,72,42,45,3,47,62
71,69,5,67,12,68,15,8,45,46,0
72,27,41,69,56,70,25,25,53,52,23
73,5,56,48,55,21,4,37,4,74,13
74,23,25,8,52,37,22,15,56,73,19
75,22,12,19,3,24,43,56,5,18,2
