1,7,8,24,53,40,10,22,16,61,24
2,47,29,68,70,3,67,44,14,11,12
3,14,9,38,34,2,14,60,59,40,23
4,28,40,65,51,64,69,10,29,68,13
5,69,41,7,47,70,58,18,66,70,17
6,0,68,0,10,47,60,71,46,75,42
7,1,32,5,58,34,11,63,56,72,51
8,16,1,50,46,59,18,53,23,27,34
9,32,3,17,20,0,38,65,57,62,73
10,51,44,52,6,55,1,4,62,65,27
11,18,54,59,45,49,7,49,32,2,16
12,46,71,23,16,56,41,51,58,34,2
13,17,46,49,18,28,52,59,38,32,4
14,3,45,32,55,52,3,39,2,53,32
15,26,18,62,54,35,25,50,73,52,50
16,8,0,61,12,36,44,56,1,51,11
17,13,60,9,66,31,39,75,72,56,5
18,11,15,73,13,61,8,5,19,73,30
19,70,56,42,27,48,54,35,18,29,74
20,22,47,22,9,21,35,47,64,59,44
21,59,57,56,72,20,70,31,34,35,46
22,20,31,20,26,42,28,1,25,46,47
23,40,27,12,30,24,24,28,8,66,3
24,43,42,1,31,23,23,73,36,44,1
25,44,30,26,32,58,15,48,22,41,64
26,15,59,25,22,41,33,30,30,49,29
27,61,23,36,19,68,66,55,40,8,10
28,4,67,75,68,13,22,23,75,38,45
29,71,2,57,64,75,68,54,4,19,26
30,39,25,48,23,69,74,26,26,55,18
31,50,22,37,24,17,51,21,63,33,35
32,9,7,14,25,37,53,42,11,13,14
33,60,65,66,67,67,26,61,42,31,65
34,54,74,40,3,7,37,70,21,12,8
35,48,37,58,62,15,20,19,50,21,31
36,64,49,27,42,16,43,67,24,60,37
37,66,35,31,73,32,34,74,0,54,36
38,42,39,3,57,63,9,72,13,28,66
39,30,38,72,43,57,17,14,74,50,61
40,23,4,34,61,1,59,58,27,3,59
41,58,5,69,52,26,12,66,48,25,52
42,38,24,19,36,22,50,32,33,57,6
43,24,61,45,39,73,36,45,44,63,69
44,25,10,67,75,53,16,2,43,24,20
45,68,14,43,11,50,72,43,71,69,28
46,12,13,64,8,60,48,68,6,22,21
47,2,20,74,5,6,73,20,61,67,22
48,35,50,30,59,19,46,25,41,71,75
49,56,36,13,65,11,62,11,69,26,63
50,31,48,8,74,45,42,15,35,39,15
51,10,55,53,4,66,31,12,67,16,7
52,53,53,10,41,14,13,0,54,15,41
53,52,52,51,1,44,32,8,60,14,58
54,34,11,71,15,65,19,29,52,37,70
55,63,51,60,14,10,65,27,65,30,56
56,49,19,21,63,12,61,16,7,17,55
57,62,21,29,38,39,71,69,9,42,71
58,41,63,35,7,25,5,40,12,74,53
59,21,26,11,48,8,40,13,3,20,40
60,33,17,55,71,46,6,3,53,36,68
61,27,43,16,40,18,56,33,47,1,39
62,57,64,15,35,74,49,64,10,9,72
63,55,58,70,56,38,75,7,31,43,49
64,36,62,46,29,4,0,62,20,0,25
65,72,33,4,49,54,55,9,55,10,33
66,37,72,33,17,51,27,41,5,23,38
67,74,28,44,33,33,2,36,51,47,0
68,45,6,2,28,27,29,46,70,4,60
69,5,70,41,0,30,4,57,49,45,43
70,19,69,63,2,5,21,34,68,5,54
71,29,12,54,60,72,57,6,45,48,57
72,65,66,39,21,71,45,38,17,7,62
73,75,75,18,37,43,47,24,15,18,9
74,67,34,47,50,62,30,37,39,58,19
75,73,73,28,44,29,63,17,28,6,48
