1,72,22,38,64,50,67,70,2,6,68
2,11,68,11,75,30,70,66,1,10,11
3,68,17,13,61,44,44,39,52,60,45
4,74,62,45,5,75,0,51,36,75,62
5,7,65,10,4,69,10,65,56,12,72
6,10,11,28,10,57,74,73,8,1,64
7,5,63,29,9,56,41,42,73,13,30
8,43,72,27,11,58,71,75,6,55,43
9,56,13,33,7,55,23,14,55,32,57
10,6,16,5,6,33,5,23,18,2,16
11,2,6,2,8,54,55,17,42,56,2
12,16,23,23,27,37,58,54,48,5,23
13,32,9,3,37,19,61,61,61,7,33
14,24,60,71,34,23,49,9,16,58,67
15,51,40,46,22,52,52,40,50,62,53
16,12,10,57,65,53,31,47,14,36,10
17,38,3,62,63,65,66,11,62,72,29
18,31,74,54,44,72,24,68,10,42,56
19,40,38,63,31,13,72,26,72,35,41
20,65,67,39,35,29,40,74,54,0,66
21,42,59,41,24,39,38,55,64,27,22
22,64,1,70,15,25,56,35,31,25,21
23,44,12,12,70,14,9,10,26,57,12
24,14,41,73,21,0,18,28,28,47,58
25,26,37,56,43,22,29,46,33,22,55
26,25,35,69,62,45,51,19,23,40,46
27,71,31,8,12,38,50,45,58,21,0
28,69,42,6,73,47,46,24,24,39,31
29,58,48,7,46,20,25,56,41,34,17
30,33,69,36,69,2,35,69,66,50,7
31,18,27,60,19,61,16,41,22,48,28
32,13,52,66,45,68,57,36,53,9,36
33,30,39,9,51,10,75,62,25,44,13
34,53,47,53,14,67,59,38,40,29,74
35,61,26,74,20,62,30,22,60,19,37
36,39,73,30,54,73,39,32,4,16,32
37,73,25,67,13,12,65,64,57,38,35
38,17,19,1,47,27,21,34,44,37,59
39,36,33,20,59,21,36,3,43,28,61
40,19,15,58,60,63,20,15,34,26,73
41,55,24,21,55,66,7,31,29,49,19
42,21,28,68,57,71,62,7,11,18,69
43,8,61,44,25,74,53,53,39,67,8
44,23,0,43,18,3,3,49,38,33,70
45,0,66,4,32,26,73,27,0,69,3
46,59,54,15,29,49,28,25,65,68,26
47,70,34,72,38,28,60,16,70,24,48
48,54,29,61,56,70,63,67,12,31,47
49,52,58,64,50,46,14,44,51,41,54
50,67,53,0,49,1,27,52,15,30,51
51,15,64,65,33,64,26,4,49,63,50
52,49,32,55,53,15,15,50,3,61,63
53,34,50,34,52,16,43,43,32,54,15
54,48,46,18,36,11,68,12,20,53,49
55,41,56,52,41,9,11,21,9,8,25
56,9,55,25,48,7,22,29,5,11,18
57,75,75,16,42,6,32,58,37,23,9
58,29,49,40,67,8,12,57,27,14,24
59,46,21,75,39,60,34,72,63,70,38
60,62,14,31,40,59,47,63,35,3,65
61,35,43,48,3,31,13,13,13,52,39
62,60,4,17,26,35,42,33,17,15,4
63,66,7,19,17,40,48,60,59,51,52
64,22,51,49,1,51,69,37,21,65,6
65,20,5,51,16,17,37,5,46,64,60
66,63,45,32,71,41,17,2,30,74,20
67,50,20,37,58,34,1,48,68,43,14
68,3,2,42,0,32,54,18,67,46,1
69,28,30,26,30,5,64,30,74,45,42
70,47,71,22,23,48,2,1,47,59,44
71,27,70,14,66,42,8,0,75,73,75
72,1,8,47,74,18,19,59,19,17,5
73,37,36,24,28,36,45,6,7,71,40
74,4,18,35,72,43,6,20,69,66,34
75,57,57,59,2,4,33,8,71,4,71
