1,73,35,31,55,6,56,29,73,44,21
2,70,50,73,27,7,68,18,70,67,68
3,0,14,41,32,24,46,51,37,53,9
4,32,20,11,67,36,74,32,27,34,42
5,7,57,66,41,32,6,12,71,35,6
6,67,44,27,20,1,5,24,13,43,5
7,5,11,33,0,2,44,27,69,16,35
8,12,37,24,13,15,16,67,60,75,36
9,20,40,19,70,27,48,36,57,27,3
10,50,63,17,71,50,55,50,20,68,54
11,23,7,4,74,56,54,58,18,52,34
12,8,33,0,72,0,64,5,31,31,14
13,22,27,63,8,33,39,46,6,62,23
14,18,3,75,24,68,21,65,75,74,12
15,27,45,23,46,8,20,44,54,38,26
16,30,25,30,39,45,8,35,64,7,40
17,51,73,10,30,47,28,59,40,51,55
18,14,69,60,21,69,0,2,11,42,56
19,62,68,9,65,74,52,26,56,37,49
20,9,4,43,6,28,15,63,10,48,73
21,47,61,67,18,31,14,72,42,26,1
22,13,53,44,38,52,49,40,39,47,0
23,11,28,15,73,29,26,25,47,59,13
24,68,36,8,14,3,25,6,55,72,25
25,61,16,28,57,66,24,23,33,0,24
26,74,64,69,63,75,23,19,50,21,15
27,15,13,6,2,9,36,7,4,9,32
28,45,23,25,44,20,17,38,30,30,69
29,48,43,47,61,23,47,1,36,33,63
30,16,51,16,17,39,61,33,28,28,60
31,59,75,1,59,21,51,34,12,12,53
32,4,60,51,3,5,69,4,52,58,27
33,38,12,7,42,13,66,30,25,29,52
34,65,47,62,48,60,72,31,67,4,11
35,52,1,50,52,40,70,16,61,5,7
36,46,24,70,45,4,27,9,29,39,8
37,69,8,54,54,70,40,64,3,19,45
38,33,41,61,22,48,57,28,44,15,58
39,56,48,71,16,30,13,48,22,36,43
40,63,9,56,62,35,37,22,17,63,16
41,43,38,3,5,55,67,62,66,45,44
42,58,65,59,33,73,50,57,21,18,4
43,41,29,20,66,72,60,66,51,6,39
44,75,6,22,28,59,7,15,38,1,41
45,28,15,64,36,16,63,0,63,41,37
46,36,72,68,15,54,3,13,49,56,67
47,21,34,29,51,17,29,75,23,22,51
48,29,39,74,34,38,9,39,0,20,64
49,64,74,72,56,64,22,70,46,50,19
50,10,2,35,58,10,42,10,26,49,70
51,17,30,32,47,71,31,3,43,17,47
52,35,56,53,35,22,19,74,32,11,33
53,71,22,52,68,58,59,56,65,3,31
54,60,70,37,37,46,11,71,15,55,10
55,57,58,58,1,41,10,60,24,54,17
56,39,52,40,49,11,1,53,19,46,18
57,55,5,65,25,65,38,42,9,70,59
58,42,55,55,50,53,65,11,72,32,38
59,31,62,42,31,44,53,17,68,23,57
60,54,32,18,75,34,43,55,8,71,30
61,25,21,38,29,63,30,68,35,66,75
62,19,59,34,40,67,73,41,74,13,66
63,40,10,13,26,61,45,20,45,40,29
64,49,26,45,69,49,12,37,16,65,48
65,34,42,57,19,57,58,14,53,64,71
66,72,71,5,43,25,33,43,41,61,62
67,6,0,21,4,62,41,8,34,2,46
68,24,19,46,53,14,2,61,59,10,2
69,37,18,26,64,18,32,73,7,73,28
70,2,54,36,9,37,35,49,2,57,50
71,53,66,39,10,51,75,54,5,60,65
72,66,46,49,12,43,34,21,58,24,74
73,1,17,2,23,42,62,69,1,69,20
74,26,49,48,11,19,4,52,62,14,72
75,44,31,14,60,26,71,47,14,8,61
