1,35,54,26,40,14,20,54,7,10,61,5,5,20,53,25,39,46,57,28,65,25,43,68,72,14
2,53,75,69,22,10,56,67,67,52,53,68,15,66,45,58,52,58,58,56,66,19,7,64,69,15
3,55,58,11,59,13,65,23,45,51,35,26,37,49,16,43,8,60,20,11,48,42,14,14,61,64
4,12,37,13,10,23,8,33,18,38,16,75,10,47,24,31,51,36,29,45,26,9,28,46,70,37
5,25,28,75,17,67,37,14,53,30,8,1,1,42,6,10,57,35,69,13,7,45,37,45,45,75
6,32,44,45,67,56,64,65,27,31,10,42,73,9,5,64,11,21,48,9,20,54,21,50,75,53
7,57,70,35,19,55,46,52,1,36,24,39,30,37,46,35,14,66,55,21,5,17,2,70,65,11
8,22,19,25,25,54,4,53,28,68,5,38,39,52,42,54,3,26,72,51,11,10,54,21,51,21
9,63,39,30,11,68,57,19,52,14,26,18,56,6,0,73,44,51,39,6,14,4,19,12,64,12
10,47,69,23,4,2,23,50,17,1,6,21,4,11,50,5,66,72,50,61,68,8,23,15,12,20
11,23,66,3,9,65,55,62,26,63,57,71,64,10,40,26,6,45,26,3,8,12,31,75,22,7
12,4,27,20,13,51,72,70,14,57,56,40,57,65,67,42,59,48,60,58,30,11,24,9,10,9
13,51,0,4,12,3,14,27,63,54,40,44,21,14,47,63,45,73,0,5,54,67,27,51,44,73
14,0,20,74,24,1,13,5,12,9,38,24,38,13,32,30,7,44,68,40,9,46,3,3,20,1
15,59,72,71,69,18,68,22,72,21,43,50,2,45,27,16,32,38,23,0,43,39,71,10,37,2
16,66,74,54,62,26,53,63,74,71,4,51,33,38,3,15,74,65,38,60,17,64,51,44,28,0
17,44,36,34,5,49,58,47,10,56,0,45,26,60,48,65,43,43,18,18,16,7,38,73,47,39
18,56,32,61,45,15,42,73,4,53,67,9,25,44,35,44,63,27,17,17,27,38,60,74,60,28
19,21,8,46,7,72,62,9,69,34,34,64,75,40,69,32,40,41,24,33,21,2,9,69,40,31
20,49,14,12,46,52,1,57,30,26,23,74,69,1,51,53,37,34,3,54,6,26,65,62,14,10
21,19,73,64,35,53,24,66,51,15,66,10,13,26,75,23,56,6,53,7,19,51,6,8,57,8
22,8,57,70,2,57,26,15,66,75,41,54,23,54,26,27,29,23,70,69,52,70,41,40,11,59
23,11,26,10,39,4,10,3,44,66,20,46,22,46,37,21,54,22,15,44,62,24,10,39,24,74
24,48,67,0,14,66,21,59,54,45,7,14,52,63,4,52,31,53,19,64,44,23,12,56,23,29
25,5,60,8,8,40,63,29,55,48,47,65,18,27,55,1,30,40,67,32,70,1,53,33,41,27
26,30,23,1,34,16,22,69,11,20,9,3,17,21,22,11,65,8,11,37,4,20,69,53,36,62
27,34,12,59,31,33,0,13,6,60,69,55,59,25,15,22,68,18,62,67,18,65,13,0,54,25
28,43,5,33,50,71,59,37,8,67,64,69,51,61,72,71,53,74,71,1,37,71,4,35,16,18
29,36,63,52,49,70,45,25,56,46,75,35,72,35,57,51,22,31,4,46,31,72,34,30,32,24
30,26,31,9,33,38,31,42,20,5,48,33,7,48,58,14,25,63,41,50,12,36,35,29,66,68
31,62,30,62,27,50,30,48,49,6,60,58,54,58,63,4,24,29,51,47,29,58,11,47,0,19
32,6,18,43,60,39,73,38,43,44,65,62,60,62,14,19,15,67,47,25,47,60,44,52,29,60
33,61,35,28,30,27,34,4,60,70,62,30,16,36,34,38,49,61,66,19,61,75,61,25,53,45
34,27,40,17,26,74,33,60,62,19,19,63,46,72,33,41,67,20,52,59,42,44,29,38,73,67
35,1,33,7,21,36,47,74,61,74,3,29,0,29,18,7,64,5,63,74,64,62,30,28,63,71
36,29,17,56,0,35,70,41,37,7,51,0,45,33,39,55,70,4,73,48,39,30,66,63,26,54
37,54,4,51,66,44,5,28,36,55,63,57,3,7,23,0,20,57,65,26,28,52,5,41,15,4
38,73,61,73,54,30,60,32,48,4,14,8,14,16,65,33,41,15,16,63,71,18,17,34,48,66
39,50,9,42,23,32,52,44,58,59,45,7,8,67,36,40,1,52,9,55,36,15,64,23,74,17
40,67,34,57,1,25,48,43,0,50,13,12,66,19,11,39,19,25,54,14,45,50,63,22,19,42
41,45,65,55,58,43,44,36,70,58,22,52,74,53,52,34,38,19,30,70,74,73,22,37,25,48
42,68,51,39,73,0,18,30,57,43,58,6,43,5,8,12,62,71,64,72,34,3,59,48,46,40
43,28,53,32,64,41,74,40,32,42,15,60,42,73,54,3,17,17,45,62,15,0,1,65,71,70
44,17,6,58,70,37,41,39,23,32,50,13,58,18,56,18,9,14,59,23,24,34,32,16,13,49
45,41,68,6,18,47,29,55,3,24,39,17,36,15,2,49,13,11,43,4,40,5,68,5,5,33
46,64,62,19,20,60,7,51,73,29,71,23,34,23,7,66,71,1,61,29,60,14,67,4,42,50
47,10,64,48,57,45,35,17,50,73,25,61,63,4,13,68,48,50,32,31,32,57,57,31,17,65
48,24,52,47,51,62,40,31,38,25,30,70,65,30,17,57,47,12,6,36,3,63,73,42,38,41
49,20,55,66,29,17,51,71,31,61,55,56,70,3,64,45,33,0,74,52,51,61,52,59,59,44
50,39,71,65,28,31,67,10,47,40,44,15,71,64,10,59,73,47,10,30,72,40,62,6,62,46
51,13,42,37,48,12,49,46,21,3,36,16,28,0,20,29,4,9,31,8,49,21,16,13,8,52
52,70,48,29,63,20,39,7,9,2,54,41,24,8,41,24,2,39,34,49,22,37,49,32,58,51
53,2,43,67,61,21,16,8,5,18,2,59,68,41,1,20,28,24,21,71,58,69,25,26,33,6
54,37,1,16,38,8,69,1,24,13,52,22,31,22,43,8,23,62,40,20,13,6,8,55,27,36
55,3,49,41,72,7,11,45,25,37,49,27,67,57,25,36,0,59,7,39,59,68,70,54,56,69
56,18,59,36,68,6,2,75,29,17,12,49,9,59,44,75,21,68,75,2,0,59,74,24,55,61
57,7,22,40,47,22,9,20,42,12,11,37,12,55,29,48,5,37,1,75,75,47,47,72,21,63
58,75,3,44,41,69,17,68,39,41,42,31,44,31,30,2,69,2,2,12,53,31,72,67,52,72
59,15,56,27,3,75,28,24,65,39,73,53,27,56,62,50,12,55,44,34,55,56,42,49,49,22
60,71,25,63,32,46,38,34,33,27,31,43,32,17,66,72,61,3,12,16,46,32,18,66,18,32
61,33,38,18,53,64,71,72,35,49,1,47,62,28,71,67,60,33,46,10,33,49,33,71,3,56
62,31,46,31,16,48,19,11,34,65,33,32,61,32,59,74,42,54,27,43,23,35,50,20,50,26
63,9,29,60,52,73,25,16,13,11,37,34,47,24,31,13,18,30,35,38,69,48,40,36,35,57
64,46,47,21,43,61,6,0,75,69,28,19,11,50,49,6,35,70,42,24,35,16,39,2,9,3
65,69,41,50,71,11,3,6,59,62,32,25,48,12,38,17,26,16,37,66,1,27,20,43,7,47
66,16,11,49,37,24,75,21,22,23,21,72,40,2,60,46,10,7,33,65,2,74,36,60,30,38
67,40,24,53,6,5,50,2,2,28,18,73,55,39,12,61,34,32,25,27,73,13,46,58,68,34
68,42,45,72,56,9,15,58,71,8,72,2,53,70,74,47,27,56,14,73,10,55,45,1,67,30
69,65,10,2,15,58,54,26,19,64,27,28,20,75,19,70,58,75,5,22,63,53,26,19,2,55
70,52,7,22,44,29,36,12,41,33,74,48,49,68,73,69,36,64,22,41,25,22,55,7,4,43
71,60,50,15,65,28,61,49,68,16,46,11,50,74,61,28,46,42,28,53,38,28,15,61,43,35
72,74,15,68,55,19,12,61,15,0,68,66,29,34,28,60,75,10,8,42,50,29,58,57,1,58
73,38,21,38,42,63,32,18,46,47,59,67,6,43,70,9,50,13,36,68,67,41,48,17,34,13
74,72,16,14,75,34,43,35,16,35,70,20,41,71,68,62,16,28,49,35,41,66,56,18,39,23
75,58,2,5,74,59,66,56,64,22,29,4,19,69,21,56,72,69,56,57,57,33,0,11,6,5
