1,65,7,30,0,74,8,29,44,30,22,60,12,2,44,27,14,15,6,11,6,7,75,6,47,71
2,56,41,13,44,73,68,56,47,67,43,18,15,1,73,58,68,50,4,4,60,67,18,68,55,73
3,32,59,73,8,30,48,47,10,49,67,25,8,71,36,53,75,8,72,55,42,5,47,10,27,26
4,26,13,65,64,14,22,44,14,27,54,51,71,69,12,41,45,42,2,2,51,59,71,15,57,67
5,75,44,49,63,29,43,72,62,26,16,16,30,36,26,75,73,58,51,60,55,3,74,57,16,19
6,44,0,41,51,50,10,17,63,11,13,15,28,8,49,46,42,47,1,69,1,26,8,1,54,59
7,17,1,58,41,43,30,46,13,47,55,50,60,63,61,8,33,60,64,32,75,1,11,59,67,15
8,14,58,43,3,53,1,36,73,18,23,23,3,6,20,7,62,3,57,72,36,15,6,58,69,23
9,29,49,42,17,19,46,75,19,33,57,36,46,0,29,66,19,70,48,50,34,0,43,61,51,44
10,47,46,36,68,33,6,15,3,63,69,30,69,45,45,57,48,74,20,19,23,56,34,3,73,30
11,33,42,75,57,41,16,28,33,6,63,45,14,43,72,67,20,67,44,1,66,57,7,33,14,55
12,51,34,37,37,52,72,30,15,15,73,59,1,60,4,32,28,27,36,71,41,34,0,13,30,14
13,66,4,2,72,49,55,71,7,46,6,17,18,18,23,14,53,61,49,66,14,50,69,12,36,45
14,8,51,22,22,4,69,42,4,54,68,37,11,16,21,13,1,72,32,39,13,49,40,32,11,12
15,25,53,21,24,60,74,10,12,12,26,6,2,24,69,74,36,1,67,56,24,8,24,4,35,7
16,30,18,26,19,37,11,69,34,74,5,5,32,14,38,0,71,25,42,22,31,30,35,36,5,21
17,7,66,44,9,32,47,6,37,38,51,13,65,19,55,56,31,65,38,61,44,19,26,75,0,37
18,53,16,67,26,22,27,63,67,8,66,2,13,13,41,35,21,62,0,38,27,22,2,24,20,0
19,28,55,24,16,9,57,20,9,72,30,32,25,17,25,24,9,46,31,10,56,17,66,48,74,5
20,69,39,72,67,67,24,19,65,65,45,65,21,37,8,23,11,26,10,74,37,23,21,53,18,70
21,38,37,15,28,23,38,39,59,75,49,27,20,41,14,37,18,24,22,27,35,70,20,72,75,16
22,55,48,14,14,18,4,33,25,37,1,75,29,75,37,54,47,37,21,16,25,18,48,54,49,41
23,42,28,31,74,21,26,57,31,45,8,8,67,32,13,20,69,39,69,40,10,20,27,44,33,8
24,40,38,19,15,75,20,74,49,36,37,44,66,15,0,19,32,21,73,0,15,60,15,18,40,34
25,15,56,57,42,31,37,70,22,57,27,3,19,57,19,36,29,16,27,73,22,28,31,73,38,36
26,4,60,16,18,58,23,50,46,5,15,49,39,55,5,60,59,20,53,35,28,6,17,40,62,3
27,62,62,52,35,61,18,48,64,4,25,21,34,42,58,1,74,12,25,21,18,38,23,46,3,69
28,19,23,60,21,59,31,11,51,34,62,71,6,35,68,44,12,69,61,37,26,25,68,52,58,40
29,9,52,34,48,5,44,1,41,52,58,38,22,49,9,69,25,53,62,59,49,65,65,39,50,32
30,16,61,1,43,3,7,12,40,1,19,10,5,51,43,40,64,51,54,42,61,16,56,38,12,10
31,60,63,23,60,25,28,53,23,61,48,53,43,38,47,49,17,38,19,34,16,51,25,51,60,43
32,3,57,74,34,17,41,52,36,62,0,19,16,23,54,12,24,55,14,7,71,62,51,14,53,29
33,11,36,51,55,10,64,22,11,9,36,0,63,54,39,64,7,35,75,53,57,47,61,11,23,35
34,41,12,29,32,66,0,45,16,28,65,48,27,56,63,73,66,45,46,31,9,12,10,55,46,24
35,54,72,39,27,70,40,38,50,0,64,39,59,28,48,18,38,33,66,26,21,40,16,60,15,33
36,67,33,10,69,44,65,8,32,24,33,9,55,5,3,25,15,56,12,70,8,63,67,16,13,25
37,59,21,12,12,16,25,66,17,22,24,14,74,20,22,21,63,22,55,28,20,46,59,69,70,17
38,21,24,70,70,56,21,35,57,17,70,29,44,31,16,39,35,31,17,18,50,27,64,30,25,74
39,74,20,35,47,64,42,21,60,73,50,35,26,72,33,38,0,23,74,14,40,48,73,29,44,42
40,24,64,63,49,48,35,49,30,59,42,46,50,47,64,30,54,44,47,23,39,35,14,26,24,28
41,34,2,6,7,11,32,62,29,42,56,64,57,21,18,4,46,43,50,47,12,42,62,43,48,22
42,23,11,9,25,68,39,14,53,41,40,57,56,27,62,52,6,4,16,30,3,41,45,71,71,39
43,70,73,8,30,7,5,64,75,70,2,54,31,11,30,70,67,41,68,52,67,74,9,41,64,31
44,6,5,17,2,36,29,4,1,48,75,24,38,62,1,28,49,40,11,54,17,64,58,23,39,9
45,50,67,46,56,62,52,34,72,23,20,11,52,10,10,47,4,34,58,58,72,61,42,67,61,13
46,61,10,45,65,51,9,7,26,13,59,40,9,61,67,6,41,19,34,57,62,37,50,27,34,49
47,10,71,68,39,71,17,3,2,7,60,62,0,40,31,45,22,6,40,41,53,33,3,49,1,65
48,68,22,54,29,40,3,27,52,44,31,34,68,67,35,72,10,64,9,67,74,39,22,19,41,63
49,71,9,5,40,13,75,40,24,3,21,26,70,29,6,31,44,73,13,68,29,14,52,47,22,46
50,45,70,66,66,6,70,26,35,56,39,7,40,59,52,68,56,2,41,9,38,13,46,64,29,56
51,12,14,33,6,46,67,54,28,53,17,4,72,30,60,55,72,30,5,63,4,31,32,31,9,64
52,57,29,27,61,12,45,32,48,29,72,67,45,70,50,42,58,54,65,43,59,53,49,28,72,66
53,18,15,64,54,8,54,31,42,51,61,31,62,74,57,3,13,29,26,33,47,52,54,20,32,60
54,35,65,48,53,55,53,51,66,14,4,43,58,33,32,22,40,52,30,44,65,73,53,22,6,58
55,22,19,62,33,54,13,73,68,69,7,68,36,26,17,51,70,32,37,3,5,72,72,34,2,11
56,2,25,69,45,38,62,2,69,50,41,70,42,34,75,17,50,36,71,15,19,10,30,62,59,50
57,52,32,25,11,0,19,23,38,25,9,42,41,25,53,10,60,59,8,46,33,11,70,5,4,62
58,63,8,7,75,26,59,0,71,64,29,73,54,65,27,2,52,5,45,45,63,68,44,8,28,54
59,37,3,0,62,28,58,60,21,40,46,12,35,50,71,71,26,57,63,29,52,4,37,7,56,6
60,31,26,28,31,15,63,59,39,68,47,1,7,12,51,26,57,7,70,5,2,24,63,35,31,53
61,46,30,71,52,27,66,65,74,31,53,63,75,46,7,65,65,13,28,17,30,45,33,9,45,72
62,27,27,55,59,45,56,41,5,32,28,47,53,44,42,63,8,18,29,75,46,32,41,56,26,57
63,58,31,40,5,65,60,18,6,10,11,61,33,7,34,62,37,68,59,51,58,36,60,65,65,48
64,0,40,53,4,39,33,43,27,58,35,41,73,66,40,33,30,48,7,65,73,44,38,50,43,51
65,1,54,4,46,63,36,61,20,20,34,20,17,58,70,61,61,17,52,64,54,29,29,63,63,47
66,13,17,50,50,34,61,37,54,71,18,69,24,64,74,9,34,0,35,13,11,71,19,70,68,52
67,36,45,18,20,20,51,68,18,2,3,52,23,48,46,11,43,11,15,48,43,2,36,45,7,4
68,48,69,47,10,42,2,67,55,60,14,55,48,73,28,50,2,63,43,49,69,58,28,2,66,75
69,20,68,56,36,72,14,16,56,55,10,66,10,4,15,29,23,28,23,6,68,75,13,37,8,27
70,43,50,38,38,35,50,25,0,43,38,56,49,52,65,43,55,9,60,36,0,21,57,66,37,20
71,49,47,61,73,47,73,13,58,66,74,28,4,3,59,59,16,75,56,12,32,66,4,42,42,1
72,73,35,20,13,69,12,5,45,19,52,74,51,39,11,48,51,14,3,8,45,55,55,21,52,61
73,72,43,3,71,2,71,55,8,39,12,58,64,68,2,34,5,49,24,25,64,54,39,25,10,2
74,39,75,32,23,1,15,24,61,16,71,72,37,53,66,15,27,10,39,20,48,43,5,0,19,38
75,5,74,11,58,24,49,9,43,21,44,22,61,22,56,5,3,71,33,62,7,69,1,17,21,68
