1,63,62,8,69,49,12,49,61,8,69,3,31,50,58,11,72,62,11,2,0,59,24,32,68,56
2,65,38,56,31,52,63,35,11,34,11,33,34,40,69,74,34,74,0,1,29,30,17,42,10,60
3,17,35,9,0,59,16,69,42,66,19,1,69,63,7,51,75,43,49,72,58,42,37,41,61,45
4,56,11,37,60,57,13,71,57,41,36,34,60,67,20,13,13,44,46,25,59,69,60,63,5,64
5,6,67,12,54,18,33,56,30,70,28,30,59,70,35,8,42,57,14,67,62,41,61,14,4,59
6,5,14,65,39,0,37,17,50,52,20,72,28,31,11,14,60,42,33,50,34,24,19,26,45,43
7,15,57,60,47,11,25,52,9,44,26,18,57,11,3,27,21,24,55,66,42,50,22,54,73,8
8,61,36,1,18,23,51,63,64,1,52,60,37,74,26,5,55,16,71,71,36,37,46,45,36,7
9,45,33,3,34,75,48,66,7,46,70,26,50,45,60,75,63,67,29,32,70,19,65,21,18,67
10,49,55,35,46,73,18,74,41,58,56,62,65,20,66,26,16,69,60,48,22,21,53,51,2,75
11,0,4,45,51,7,64,38,2,30,2,50,22,7,6,1,33,30,1,42,37,36,49,33,13,25
12,67,60,5,17,21,1,70,34,35,74,41,64,26,55,21,67,35,26,68,41,20,18,20,43,53
13,19,59,15,70,33,4,73,53,29,54,65,58,23,42,4,4,15,62,39,25,68,40,27,11,20
14,74,6,75,68,54,59,65,72,56,0,74,27,53,32,6,28,73,5,18,55,32,34,5,27,30
15,7,65,13,61,24,73,32,54,27,16,73,49,44,46,23,31,13,45,59,48,56,42,23,20,22
16,24,49,52,50,60,3,57,63,28,15,42,40,51,0,40,10,8,34,26,40,22,59,30,55,27
17,3,56,44,12,56,61,6,52,43,60,25,42,39,30,25,50,20,58,45,21,62,2,66,57,23
18,52,32,50,8,5,10,67,29,68,46,7,45,52,38,39,49,19,64,14,75,31,12,44,9,34
19,13,34,25,43,29,31,68,73,49,3,55,73,37,27,69,71,18,70,55,23,9,6,25,71,69
20,69,40,72,25,31,47,40,71,61,6,51,71,10,4,32,37,17,51,22,72,12,50,12,15,13
21,51,66,26,45,12,75,41,38,40,62,38,30,59,62,12,7,58,73,75,17,10,54,9,31,51
22,70,71,39,67,71,28,46,70,31,72,31,11,55,31,34,53,41,61,20,10,16,7,75,62,15
23,64,31,46,55,8,72,33,47,63,43,68,36,13,74,15,47,37,31,74,19,55,32,15,25,17
24,16,69,42,32,15,71,43,51,65,30,48,67,58,47,56,74,7,74,52,68,6,1,72,32,29
25,58,51,19,20,28,7,64,60,47,49,17,52,66,36,17,52,63,32,4,13,45,41,19,23,11
26,32,27,21,44,55,27,31,65,32,7,9,74,12,8,10,40,32,12,16,33,70,47,6,54,28
27,44,26,58,72,51,26,59,45,15,57,37,14,41,19,7,39,60,28,61,65,38,38,13,14,16
28,48,53,70,37,25,22,50,62,16,5,32,6,42,70,37,14,68,27,44,52,67,31,37,44,26
29,40,68,73,71,19,69,0,18,13,58,35,63,71,33,0,68,70,9,51,2,52,73,35,39,24
30,66,50,43,64,72,36,47,5,11,24,5,21,49,17,57,57,11,37,31,46,2,51,16,53,14
31,55,23,61,2,20,19,26,32,22,34,22,1,6,22,61,15,52,23,30,32,18,28,62,21,68
32,26,18,38,24,40,0,15,31,26,40,28,61,68,14,20,43,26,25,9,31,14,23,1,24,49
33,36,9,40,66,13,5,23,56,55,45,2,72,35,29,63,11,65,6,53,26,65,56,11,67,40
34,38,19,55,9,69,55,54,12,2,31,4,2,73,39,22,2,53,16,57,6,35,14,57,69,18
35,46,3,10,38,50,74,2,43,12,75,29,70,33,5,52,38,12,69,38,57,34,0,29,74,0
36,33,8,59,53,68,30,75,44,45,4,70,23,43,25,58,61,54,66,56,8,11,71,46,8,47
37,59,42,4,28,62,6,61,66,50,64,27,8,19,44,28,20,23,30,0,11,8,3,28,70,62
38,34,2,32,35,65,57,11,21,53,59,21,44,64,18,53,35,45,48,35,61,27,27,47,58,39
39,75,45,22,6,43,60,51,67,54,68,53,66,17,34,18,27,55,53,13,43,44,75,48,29,38
40,29,20,33,41,32,66,20,69,21,32,69,16,2,67,16,26,71,47,54,16,60,13,64,0,33
41,42,0,0,40,44,49,21,10,4,47,12,53,27,52,59,62,22,72,64,12,5,25,3,75,50
42,41,37,24,59,66,67,44,3,64,63,16,17,28,13,43,5,6,50,11,7,3,15,2,47,66
43,54,52,30,19,39,53,24,35,17,23,75,68,36,65,42,32,3,59,65,39,47,48,58,12,6
44,27,72,17,26,41,46,42,36,7,50,61,38,15,37,45,46,4,65,28,63,39,68,18,28,58
45,9,39,11,21,64,62,58,27,36,33,63,18,9,53,44,56,38,15,17,64,25,67,8,6,3
46,35,63,23,10,70,44,22,58,9,18,49,75,60,15,48,44,75,4,47,30,75,8,36,64,57
47,60,64,68,7,48,20,30,23,25,41,64,55,75,24,73,23,50,40,46,49,43,26,38,42,36
48,28,73,62,52,47,9,55,55,71,65,24,51,62,63,46,59,51,38,10,15,66,43,39,49,61
49,10,16,69,75,1,41,1,0,19,25,46,15,30,75,72,18,61,3,60,47,72,11,65,48,32
50,72,30,18,16,35,70,28,6,37,44,11,9,1,72,70,17,47,42,6,56,7,20,73,52,41
51,21,25,74,11,27,8,39,24,69,61,20,48,16,56,3,58,48,20,29,69,63,30,10,72,21
52,18,43,16,48,2,65,7,17,6,8,67,25,18,41,35,25,31,75,24,28,29,72,68,50,73
53,57,28,71,36,63,43,72,13,38,71,39,41,14,45,38,22,34,39,33,60,71,10,60,30,12
54,43,74,63,5,14,68,34,15,39,13,0,56,0,71,65,69,36,68,40,73,64,21,7,26,65
55,31,10,34,23,26,34,48,48,33,73,19,47,22,12,64,8,39,7,19,14,23,58,0,16,63
56,4,17,2,74,17,58,5,33,14,10,66,54,61,51,24,45,64,67,36,50,15,33,71,59,1
57,53,7,64,63,4,38,16,4,0,27,59,7,65,61,30,30,5,63,34,35,73,64,34,17,46
58,25,75,27,65,61,56,45,46,10,29,71,13,24,1,36,51,21,17,62,3,74,55,43,38,44
59,37,13,36,42,3,14,27,68,75,38,57,5,21,73,41,48,0,43,15,4,1,16,61,56,5
60,47,12,7,4,16,39,62,25,62,17,8,4,46,9,66,6,27,10,49,53,40,4,53,63,2
61,8,70,31,15,58,17,37,1,20,51,44,32,56,57,31,36,49,22,27,38,0,5,59,3,48
62,73,1,48,73,37,45,60,28,60,21,10,0,48,21,71,41,1,13,58,5,17,70,31,22,37
63,1,46,54,57,53,2,8,16,23,42,45,29,3,48,33,9,25,57,70,44,51,69,4,60,55
64,23,47,57,30,45,11,25,8,42,37,47,12,38,68,55,70,56,18,41,45,54,57,40,46,4
65,2,15,6,58,38,52,14,26,24,48,13,10,57,43,54,66,33,44,43,27,33,9,49,66,54
66,30,21,67,33,42,40,9,37,3,67,56,39,25,10,60,65,72,36,7,74,48,74,17,65,42
67,12,5,66,22,74,42,18,39,72,66,52,24,4,40,68,12,9,56,5,71,28,45,69,33,9
68,71,29,47,14,36,54,19,59,18,39,23,43,32,64,67,29,28,54,12,24,13,44,52,1,31
69,20,24,49,1,34,29,3,40,51,1,40,3,72,2,19,54,10,35,73,51,4,63,67,34,19
70,22,61,28,13,46,50,12,22,5,9,36,35,5,28,50,64,29,19,63,9,26,62,74,37,72
71,68,22,53,29,22,24,4,20,48,53,58,20,29,54,62,19,40,8,8,67,53,36,56,19,74
72,50,44,20,27,30,23,53,14,67,22,6,33,69,50,49,1,66,41,3,20,49,52,24,51,70
73,62,48,29,62,10,15,13,19,74,55,15,19,34,59,47,0,14,21,69,54,57,29,50,7,52
74,14,54,51,56,67,35,10,75,73,12,14,26,8,23,2,24,2,24,23,66,58,66,70,35,71
75,39,58,14,49,9,21,36,74,59,35,43,46,47,49,9,3,46,52,21,18,46,39,22,41,10
