1,35,36,20,58,37,59,39,23,60,22
2,30,14,44,30,15,44,64,14,56,66
3,69,21,0,12,60,23,52,26,22,53
4,33,47,68,11,11,6,33,59,12,0
5,42,74,47,16,45,61,57,40,72,26
6,57,64,52,13,56,4,56,31,64,14
7,8,56,53,57,35,9,32,32,35,18
8,7,17,72,71,16,41,63,28,28,34
9,49,30,50,21,74,7,30,57,15,51
10,50,23,43,63,29,42,53,51,27,75
11,0,61,45,4,4,16,68,68,16,47
12,41,37,27,3,69,70,58,58,4,56
13,22,34,36,6,72,38,67,37,31,19
14,61,2,35,55,57,66,61,2,65,6
15,73,26,71,52,2,37,16,67,9,71
16,25,28,23,5,8,11,15,75,11,39
17,68,8,37,26,47,75,36,21,49,63
18,64,50,62,29,75,43,69,41,52,7
19,53,66,69,42,31,57,50,38,30,13
20,44,44,1,35,23,24,59,30,46,61
21,55,3,66,9,73,72,70,17,39,73
22,13,49,29,33,28,40,74,47,3,1
23,48,10,16,40,20,3,38,1,45,38
24,47,33,28,37,44,20,37,42,33,35
25,16,0,58,45,61,0,47,72,42,70
26,28,15,65,17,27,62,60,3,62,5
27,71,72,12,41,26,51,28,69,10,37
28,26,16,24,38,22,30,27,8,8,62
29,72,31,22,18,10,67,66,53,55,43
30,2,9,48,2,33,28,9,20,19,64
31,63,29,73,32,19,49,62,6,13,50
32,36,68,61,31,40,53,7,7,47,54
33,4,24,38,22,30,60,4,49,24,49
34,58,13,67,69,53,74,65,39,36,8
35,1,67,14,20,7,50,71,50,7,24
36,32,1,13,54,55,45,17,56,34,42
37,38,12,17,24,1,15,24,13,70,27
38,37,46,33,28,63,13,23,19,75,23
39,56,42,64,50,68,56,1,34,21,16
40,70,52,55,23,32,22,51,5,41,65
41,12,69,46,27,0,8,42,18,40,48
42,5,39,59,19,65,10,41,24,25,36
43,52,45,10,44,49,18,49,65,57,29
44,20,20,2,43,24,2,46,46,67,58
45,75,43,11,25,5,36,75,48,23,69
46,51,38,41,67,67,71,44,44,20,55
47,24,4,5,66,17,54,25,22,32,11
48,23,62,30,61,70,65,72,45,61,41
49,9,22,56,74,43,31,43,33,17,33
50,10,18,9,39,62,35,19,35,63,31
51,46,71,74,72,58,27,40,10,73,9
52,43,40,6,15,54,73,3,66,18,60
53,19,63,7,73,34,32,10,29,54,3
54,66,57,60,36,52,47,73,63,53,32
55,21,65,40,14,36,68,0,62,29,46
56,39,7,49,70,6,39,6,36,2,12
57,6,54,70,7,14,19,5,9,43,67
58,34,60,25,1,51,63,12,12,71,44
59,60,75,42,64,64,1,20,4,74,68
60,59,58,54,68,3,33,26,61,1,52
61,14,11,32,48,25,5,14,60,48,20
62,65,48,18,75,50,26,31,55,26,28
63,31,53,75,10,38,58,8,54,50,17
64,18,6,39,59,59,69,2,70,6,30
65,62,55,26,0,42,48,34,43,14,40
66,54,19,21,47,71,14,29,52,0,2
67,74,35,34,46,46,29,13,15,44,57
68,17,32,4,60,39,55,11,11,69,59
69,3,41,19,34,12,64,18,27,68,45
70,40,73,57,56,48,12,21,64,37,25
71,27,51,15,8,66,46,35,0,58,15
72,29,27,8,51,13,21,48,25,5,74
73,15,70,31,53,21,52,54,74,51,21
74,67,5,51,49,9,34,22,73,59,72
75,45,59,63,62,18,17,45,16,38,10
