1,48,47,0,64,26,52,28,25,10,55
2,75,39,26,67,6,55,8,60,20,61
3,24,43,18,32,14,20,68,58,36,32
4,44,40,66,11,20,34,66,48,51,66
5,53,13,27,56,55,54,42,49,21,29
6,7,35,46,13,2,59,47,39,58,44
7,6,67,64,16,8,33,11,24,60,27
8,70,42,40,29,7,67,2,23,38,39
9,12,22,32,41,62,62,48,70,47,0
10,18,50,34,66,22,70,44,64,1,25
11,17,56,54,4,41,75,7,38,13,21
12,9,34,29,42,42,74,20,45,48,47
13,54,5,41,6,0,40,74,15,11,57
14,59,66,31,60,3,38,53,33,28,48
15,29,59,67,50,44,56,63,13,43,42
16,27,73,38,7,38,24,50,54,73,65
17,11,36,42,54,46,19,40,55,35,40
18,10,21,3,43,53,30,75,59,26,62
19,56,62,51,39,72,17,51,0,59,72
20,35,70,37,70,4,3,12,47,2,73
21,0,18,74,68,57,0,37,41,5,11
22,43,9,24,69,10,46,72,67,45,71
23,68,44,60,72,28,65,61,8,50,30
24,3,68,22,73,60,16,0,7,64,74
25,74,61,48,31,75,73,58,1,34,10
26,57,55,2,30,1,69,65,53,18,37
27,16,57,5,53,59,32,30,71,41,7
28,52,49,53,44,23,43,1,37,14,46
29,15,41,12,8,64,58,62,31,66,5
30,65,69,65,26,63,18,27,72,49,23
31,41,0,14,25,66,61,69,29,65,56
32,71,74,9,3,39,27,64,40,44,3
33,46,48,50,38,65,7,38,14,55,45
34,42,12,10,51,74,4,59,61,25,38
35,20,6,55,47,61,63,52,73,17,58
36,50,17,58,57,51,49,39,44,3,53
37,40,75,20,58,45,45,21,28,57,26
38,51,46,16,33,16,14,33,11,8,34
39,49,2,45,19,32,41,36,6,69,8
40,37,4,8,65,67,13,17,32,71,17
41,31,29,13,9,11,39,46,21,27,75
42,34,8,17,12,12,47,5,63,70,15
43,22,3,75,18,70,28,56,51,15,51
44,4,23,57,28,15,72,10,36,32,6
45,64,72,39,52,37,37,55,12,22,33
46,33,38,6,75,17,22,41,75,68,28
47,67,1,59,35,56,42,6,20,9,12
48,1,33,25,61,68,71,9,4,12,14
49,39,28,70,55,50,36,54,5,30,69
50,36,10,33,15,49,64,16,52,23,52
51,38,54,19,34,36,57,19,43,4,43
52,28,65,73,45,71,1,35,50,0,50
53,5,58,28,27,18,68,14,26,74,36
54,13,51,11,17,73,5,49,16,67,60
55,73,26,35,49,5,2,45,17,33,1
56,19,11,72,5,47,15,43,65,72,31
57,26,27,44,36,21,51,71,69,37,13
58,66,53,36,37,69,29,25,3,6,35
59,14,15,47,62,27,6,34,18,19,64
60,69,63,23,14,24,66,67,2,7,54
61,72,25,71,48,35,31,23,34,62,2
62,63,19,68,59,9,9,29,66,61,18
63,62,60,69,74,30,35,15,42,75,67
64,45,71,7,1,29,50,32,10,24,59
65,30,52,30,40,33,23,26,56,31,16
66,58,14,4,10,31,60,4,62,29,4
67,47,7,15,2,40,8,60,22,54,63
68,23,24,62,21,48,53,3,74,46,70
69,60,30,63,22,58,26,31,57,39,49
70,8,20,49,20,43,10,73,9,42,68
71,32,64,61,0,52,48,57,27,40,22
72,61,45,56,23,19,44,22,30,56,19
73,55,16,52,24,54,25,70,35,16,20
74,25,32,21,63,34,12,13,68,53,24
75,2,37,43,46,25,11,18,46,63,41
