1,53,34,25,36,46,53,36,9,71,74
2,36,9,53,53,23,22,65,22,50,16
3,11,26,60,47,12,51,6,65,55,28
4,43,53,36,66,42,27,63,16,39,17
5,74,51,14,40,74,75,56,39,37,62
6,64,74,63,65,26,41,3,23,11,10
7,49,70,0,75,55,11,71,31,30,59
8,60,60,30,31,31,28,48,75,35,22
9,38,2,61,49,49,42,44,1,45,50
10,62,59,38,42,50,45,55,41,24,6
11,3,36,22,21,47,7,50,29,6,12
12,29,57,24,44,3,33,62,32,27,11
13,28,15,73,57,58,69,14,57,22,29
14,51,69,5,22,30,56,13,59,74,23
15,16,13,37,60,72,34,53,42,61,46
16,15,45,50,46,73,38,26,4,59,2
17,63,62,69,39,0,65,24,74,34,4
18,72,32,41,72,37,72,67,28,36,60
19,75,67,71,63,60,30,61,56,52,71
20,71,63,51,25,36,21,39,53,75,48
21,27,72,40,11,22,20,40,0,60,61
22,44,0,11,14,21,2,68,2,13,8
23,67,38,26,73,2,40,54,6,43,14
24,41,75,12,43,71,44,17,64,10,54
25,26,49,1,20,51,57,57,63,66,73
26,25,3,23,30,6,66,16,35,72,36
27,21,41,70,45,40,4,46,44,12,69
28,13,56,35,58,44,8,32,18,65,3
29,12,44,62,69,68,47,42,11,38,13
30,59,43,8,26,14,19,0,50,7,51
31,32,48,65,8,8,46,37,7,68,49
32,31,18,49,56,62,67,28,12,33,55
33,45,73,43,35,65,12,69,73,32,41
34,56,1,45,55,48,15,52,43,17,56
35,47,42,28,33,57,74,51,26,8,40
36,2,11,4,1,20,52,1,72,18,26
37,54,47,15,61,18,39,31,66,5,75
38,9,23,10,67,61,16,72,47,29,63
39,73,58,74,17,64,37,20,5,4,45
40,68,46,21,5,27,23,21,67,70,35
41,24,27,18,0,54,6,45,10,53,33
42,55,35,67,10,4,9,29,15,57,67
43,4,30,33,24,69,0,70,34,23,52
44,22,29,57,12,28,24,9,27,73,65
45,33,16,34,27,59,10,41,54,9,39
46,52,40,68,16,1,31,27,69,64,15
47,35,37,64,3,11,29,64,38,48,72
48,66,31,59,70,34,73,8,61,47,20
49,7,25,32,9,9,71,60,51,51,31
50,70,68,16,68,10,55,11,30,2,9
51,14,5,20,54,25,3,35,49,49,30
52,46,55,72,74,70,36,34,68,19,43
53,1,4,2,2,63,1,15,20,41,57
54,37,65,75,51,41,70,23,45,56,24
55,42,52,58,34,7,50,10,71,3,32
56,34,28,66,32,66,14,5,19,54,34
57,58,12,44,13,35,25,25,13,42,53
58,57,39,55,28,13,68,75,60,62,68
59,30,10,48,71,45,64,74,14,16,7
60,8,8,3,15,19,61,49,58,21,18
61,0,64,9,37,38,60,19,48,15,21
62,10,17,29,64,32,63,12,70,58,5
63,17,20,6,19,53,62,4,25,69,38
64,6,61,47,62,39,59,47,24,46,70
65,69,54,31,6,33,17,2,3,28,44
66,48,71,56,4,56,26,73,37,25,0
67,23,19,42,38,75,32,18,40,0,42
68,40,50,46,50,29,58,22,52,31,58
69,65,14,17,29,43,13,33,46,63,27
70,50,7,27,48,52,54,43,62,40,64
71,20,66,19,59,24,49,7,55,1,19
72,18,21,52,18,15,18,38,36,26,47
73,39,33,13,23,16,48,66,33,44,25
74,5,6,39,52,5,35,59,17,14,1
75,19,24,54,7,67,5,58,8,20,37
