1,56,75,53,13,69,2,69,28,22,2
2,4,73,73,17,58,1,73,4,72,1
3,31,36,22,36,42,13,24,7,69,72
4,2,62,68,25,44,52,52,2,12,69
5,27,0,10,57,73,44,20,6,30,20
6,28,56,9,9,45,26,0,5,57,12
7,72,70,67,74,9,8,13,3,13,13
8,75,17,63,75,41,7,67,75,67,45
9,19,19,6,6,7,74,19,19,19,75
10,32,66,5,72,71,28,15,56,32,29
11,44,72,47,70,70,75,57,67,74,15
12,47,58,59,27,55,41,58,58,4,6
13,55,71,33,1,74,3,7,48,7,7
14,22,24,46,20,47,37,23,71,15,58
15,38,41,71,22,50,53,10,38,14,11
16,26,31,27,29,65,38,64,29,42,30
17,21,8,51,2,25,64,71,22,63,40
18,64,22,41,73,54,67,32,37,41,22
19,9,9,25,40,35,24,9,9,9,44
20,69,25,30,14,38,34,5,36,75,5
21,17,57,28,64,26,55,39,31,66,39
22,14,18,3,15,64,29,44,17,1,18
23,57,64,42,24,66,72,14,69,35,74
24,40,14,56,23,37,19,3,33,60,47
25,41,20,19,4,17,0,70,73,64,26
26,16,55,40,62,21,6,36,32,36,25
27,5,37,16,12,61,33,66,49,40,37
28,6,69,21,71,51,10,75,1,62,67
29,63,61,48,16,31,22,38,16,34,10
30,48,46,20,58,34,66,68,59,5,16
31,3,16,0,49,29,46,37,21,38,43
32,10,38,35,52,0,70,18,26,10,62
33,42,39,13,68,75,27,74,24,68,36
34,45,65,38,47,30,20,65,45,29,64
35,74,44,32,41,19,36,60,74,23,41
36,39,3,44,3,72,35,26,20,26,33
37,59,27,75,42,24,14,31,18,39,27
38,15,32,34,66,20,16,29,15,31,46
39,36,33,74,59,48,54,21,63,37,21
40,24,42,26,19,57,56,54,42,27,17
41,25,15,18,35,8,12,49,51,18,35
42,33,40,23,37,3,71,51,40,16,57
43,67,53,54,54,52,68,53,64,56,31
44,11,35,36,48,4,5,22,46,50,19
45,34,49,49,63,6,47,50,34,48,8
46,52,30,14,55,53,31,55,44,55,38
47,12,67,11,34,14,45,56,62,73,24
48,30,63,29,44,39,50,72,13,45,65
49,51,45,45,31,62,51,41,27,65,56
50,62,51,52,56,15,48,45,55,44,66
51,49,50,17,53,28,49,42,41,53,52
52,46,54,50,32,43,4,4,60,61,51
53,0,43,1,51,46,15,43,54,51,54
54,58,52,43,43,18,39,40,53,58,53
55,13,26,70,46,12,21,46,50,46,68
56,1,6,24,50,59,40,47,10,43,49
57,23,21,58,5,40,69,11,0,6,42
58,54,12,57,30,2,73,12,12,54,14
59,37,74,12,39,56,63,63,30,0,63
60,61,68,64,67,67,61,35,52,24,61
61,60,29,65,65,27,60,62,65,52,60
62,50,4,66,26,49,65,61,47,28,32
63,29,48,8,45,68,59,59,39,17,59
64,18,23,60,21,22,17,16,43,25,34
65,66,34,61,61,16,62,34,61,49,48
66,65,10,62,38,23,30,27,70,21,50
67,43,47,7,60,60,18,8,11,8,28
68,70,60,4,33,63,43,30,72,33,55
69,20,28,72,0,1,57,1,23,3,4
70,68,7,55,11,11,32,25,66,71,0
71,73,13,15,28,10,42,17,14,70,73
72,7,11,69,10,36,23,48,68,2,3
73,71,2,2,18,5,58,2,25,47,71
74,35,59,39,7,13,9,33,35,11,23
75,8,1,37,8,33,11,28,8,20,9
