1,24,5,2,2,0,73,0,2,56,39,29,58,39,30,30,38,37,29,64,44,9,53,14,68,45
2,15,17,1,1,3,48,41,1,0,43,17,59,15,41,47,46,43,47,28,29,15,59,15,59,29
3,16,16,9,69,2,45,21,21,71,55,72,26,71,6,52,44,72,10,8,57,73,25,52,60,65
4,51,61,29,39,71,30,67,64,75,29,64,13,5,10,24,5,62,38,52,69,31,15,38,42,36
5,57,1,43,32,11,72,59,66,32,57,15,51,4,11,27,4,8,53,15,55,43,67,58,73,10
6,68,53,18,46,60,67,63,12,13,13,46,30,45,3,58,12,59,71,54,30,54,71,41,27,8
7,41,26,50,34,50,43,72,26,29,46,58,67,9,0,57,74,48,69,47,10,29,64,48,66,74
8,58,69,33,48,13,69,66,14,62,10,18,61,70,18,16,61,5,66,3,16,50,52,10,54,6
9,59,20,3,13,70,61,57,15,48,56,33,64,7,22,0,19,57,70,19,36,1,73,33,43,69
10,21,47,15,17,73,18,65,68,50,8,57,57,58,4,75,64,13,3,57,7,55,56,8,50,5
11,28,66,34,56,5,71,68,0,58,75,62,62,0,5,50,72,38,58,46,71,72,14,60,15,55
12,49,29,36,42,49,51,70,6,72,64,74,15,68,20,71,6,19,63,72,23,37,16,51,48,60
13,23,52,38,9,8,62,33,53,6,6,25,4,67,50,32,73,10,25,60,52,51,62,46,29,42
14,65,50,0,40,19,38,29,8,43,65,16,72,37,16,23,43,29,37,67,22,52,11,1,17,24
15,2,68,10,22,38,46,49,9,65,60,5,12,2,62,29,21,20,62,5,53,2,4,2,11,67
16,3,3,71,51,52,65,24,23,22,52,14,27,65,14,8,34,63,44,56,8,34,12,56,36,53
17,36,2,44,10,24,23,38,71,67,72,2,21,40,71,51,67,40,61,26,32,68,70,18,14,56
18,22,21,6,67,28,10,48,56,38,28,8,41,25,8,53,51,50,39,59,67,63,48,17,30,47
19,40,72,25,33,14,74,75,24,73,24,73,38,47,35,37,9,12,54,9,73,30,23,53,56,39
20,73,9,59,28,54,26,50,41,31,73,39,45,69,12,39,52,15,72,51,41,49,66,67,64,25
21,10,18,66,35,44,31,3,3,70,47,59,17,23,64,72,15,54,45,23,66,59,35,44,35,33
22,18,43,39,15,30,63,40,73,16,66,66,43,33,9,73,57,25,60,75,14,74,72,30,39,48
23,13,67,24,25,27,17,54,16,40,70,41,66,21,28,14,29,27,57,21,12,56,19,47,25,52
24,1,30,23,73,17,55,16,19,39,19,30,49,54,75,4,47,46,64,43,46,39,29,54,34,14
25,46,64,19,23,37,28,64,54,59,58,13,47,18,49,62,75,22,13,33,33,64,3,29,23,20
26,0,7,68,53,64,20,52,7,61,69,53,3,66,74,64,71,31,51,17,34,40,30,50,58,50
27,75,75,72,36,23,33,34,58,54,50,55,16,41,60,5,0,23,40,69,43,66,68,31,6,28
28,11,71,70,20,18,25,46,43,37,18,48,68,73,23,31,59,34,42,2,47,61,46,68,46,27
29,37,12,4,65,39,49,14,42,7,4,1,37,36,69,15,23,14,1,35,2,7,24,25,13,2
30,44,24,65,74,22,4,61,37,63,49,24,6,48,1,1,41,52,73,74,6,19,26,22,18,34
31,38,38,46,55,41,21,42,75,20,54,61,70,49,37,28,70,26,41,36,0,4,50,27,62,49
32,74,35,54,5,53,64,56,33,5,45,42,39,75,67,13,37,68,65,61,17,41,37,64,61,61
33,70,37,8,19,35,27,13,32,42,61,9,53,22,51,42,55,69,34,25,25,71,74,9,40,21
34,64,73,11,7,45,0,27,61,66,71,0,46,38,66,49,16,28,33,73,26,16,57,37,24,30
35,50,32,75,21,33,39,36,36,46,48,75,54,43,19,54,48,42,36,29,62,58,21,49,21,64
36,17,63,12,27,69,59,35,35,45,40,50,55,29,57,55,56,56,35,31,9,44,60,0,16,4
37,29,33,56,43,25,75,73,30,28,0,69,29,14,31,19,32,1,14,65,56,12,32,34,47,0
38,31,31,13,70,15,14,17,74,18,42,45,19,34,39,69,1,11,4,48,39,57,69,4,44,70
39,61,70,22,4,29,35,44,59,24,1,20,32,1,38,20,63,75,18,42,38,24,55,55,22,19
40,19,46,63,14,74,70,22,70,23,36,70,60,17,59,56,50,17,27,50,48,26,47,61,33,72
41,7,45,69,45,31,50,2,20,49,63,23,18,27,2,61,30,0,31,68,20,32,51,6,51,59
42,56,44,52,12,65,56,31,29,33,38,32,75,51,58,33,65,35,28,39,63,47,58,71,4,13
43,67,22,5,37,61,7,74,28,14,2,63,22,35,54,70,14,2,49,24,27,5,63,70,9,75
44,30,42,17,49,21,47,39,72,64,68,49,50,74,48,46,3,67,16,53,1,36,54,21,38,63
45,71,41,61,41,34,3,58,47,36,32,38,20,6,61,66,69,55,21,71,74,69,61,65,65,1
46,25,40,31,6,57,15,28,51,35,7,6,34,60,65,44,2,24,67,11,24,53,28,13,28,54
47,69,10,48,75,48,44,51,45,53,21,52,25,19,53,2,24,60,2,7,28,42,40,23,37,18
48,52,59,47,8,47,2,18,57,9,35,28,71,30,44,68,35,7,52,38,40,75,18,7,12,22
49,12,57,51,44,12,29,15,50,41,30,44,24,31,25,34,62,51,43,55,50,20,0,35,57,31
50,35,14,7,59,7,41,20,49,10,27,36,44,59,13,11,40,18,56,40,49,8,31,26,10,26
51,4,74,49,16,55,12,47,46,55,67,56,5,42,33,17,18,49,26,20,58,13,41,12,41,57
52,48,13,42,58,16,60,26,69,60,16,47,0,53,70,3,20,30,48,4,13,14,8,3,72,23
53,62,6,60,26,32,58,62,13,47,59,26,33,52,47,18,60,58,5,44,15,46,1,19,55,16
54,63,65,32,0,20,66,23,25,27,31,71,35,24,43,35,66,21,19,6,65,6,44,24,8,46
55,66,62,64,31,51,24,71,67,51,3,27,36,62,68,36,33,45,75,49,5,10,39,39,53,11
56,42,0,37,11,59,42,32,18,1,9,51,73,64,63,40,36,36,50,16,37,23,10,16,19,17
57,5,49,73,66,46,68,9,48,68,5,10,10,63,36,7,22,9,23,10,3,38,34,59,49,51
58,8,60,67,52,75,53,45,27,11,25,7,1,10,42,6,68,53,11,70,51,35,42,5,26,73
59,9,48,20,50,56,36,5,39,25,53,21,2,50,40,60,28,6,0,18,64,21,2,57,2,41
60,72,58,53,72,6,52,69,63,52,15,65,40,46,27,59,53,47,22,13,68,70,36,11,3,12
61,39,4,45,62,43,9,30,34,26,33,31,8,72,45,41,8,70,17,32,72,28,45,40,32,32
62,53,55,74,61,72,13,53,65,8,74,11,11,55,15,25,49,4,15,63,35,67,13,66,31,66
63,54,36,40,64,68,22,6,60,30,41,43,69,57,56,65,39,16,12,62,42,18,43,75,69,44
64,34,25,55,63,26,32,25,4,44,12,4,9,56,21,26,10,73,24,1,59,25,7,32,20,35
65,14,54,30,29,42,16,10,62,15,14,60,74,16,46,63,42,66,32,37,54,0,75,45,45,3
66,55,11,21,57,67,54,8,5,34,22,22,23,26,34,45,54,65,8,0,21,27,20,62,7,62
67,43,23,58,18,66,6,4,55,17,51,68,7,13,32,74,17,44,46,14,18,62,5,20,71,15
68,6,15,26,71,63,57,11,10,57,44,67,28,12,55,48,58,32,74,41,60,17,27,28,1,71
69,47,8,41,3,36,8,60,52,74,26,37,63,20,29,38,45,33,7,27,4,45,38,72,63,9
70,33,39,28,38,9,40,12,40,21,23,40,31,8,52,43,31,61,9,58,75,60,17,43,74,38
71,45,28,16,68,4,11,55,17,3,34,54,48,3,17,12,26,74,6,45,11,33,6,42,67,68
72,60,19,27,60,62,5,7,44,12,17,3,14,61,73,21,11,3,20,12,61,11,22,69,52,40
73,20,34,57,24,10,1,37,22,19,20,19,56,28,72,22,13,64,30,34,19,3,9,74,5,58
74,32,51,62,30,40,19,43,38,69,62,12,65,44,26,67,7,71,68,30,45,22,33,73,70,7
75,27,27,35,47,58,37,19,31,4,11,35,42,32,24,10,25,39,55,22,70,48,65,63,0,43
